 1.00000000e+00  1.00000000e-01 -5.65486678e-12  1.00000000e+00  1.00000000e-01  2.48814138e-07  1.00000000e+00  1.00000000e-01 -2.09230071e-07 
 1.25892541e+00  1.00000000e-01 -7.11905548e-12  1.25892541e+00  1.00000000e-01  3.13238441e-07  1.25892541e+00  1.00000000e-01 -2.63405053e-07 
 1.58489319e+00  1.00000000e-01 -8.96235986e-12  1.58489319e+00  1.00000000e-01  3.94343834e-07  1.58489319e+00  1.00000000e-01 -3.31607315e-07 
 1.99526231e+00  1.00000000e-01 -1.12829426e-11  1.99526231e+00  1.00000000e-01  4.96449473e-07  1.99526231e+00  1.00000000e-01 -4.17468875e-07 
 2.51188643e+00  1.00000000e-01 -1.42043831e-11  2.51188643e+00  1.00000000e-01  6.24992857e-07  2.51188643e+00  1.00000000e-01 -5.25562176e-07 
 3.16227766e+00  1.00000000e-01 -1.78822589e-11  3.16227766e+00  1.00000000e-01  7.86819390e-07  3.16227766e+00  1.00000000e-01 -6.61643578e-07 
 3.98107171e+00  1.00000000e-01 -2.25124301e-11  3.98107171e+00  1.00000000e-01  9.90546925e-07  3.98107171e+00  1.00000000e-01 -8.32959914e-07 
 5.01187234e+00  1.00000000e-01 -2.83414703e-11  5.01187234e+00  1.00000000e-01  1.24702469e-06  5.01187234e+00  1.00000000e-01 -1.04863440e-06 
 6.30957344e+00  1.00000000e-01 -3.56797972e-11  6.30957344e+00  1.00000000e-01  1.56991108e-06  6.30957344e+00  9.99999999e-02 -1.32015250e-06 
 7.94328235e+00  1.00000000e-01 -4.49182033e-11  7.94328235e+00  1.00000000e-01  1.97640095e-06  7.94328235e+00  9.99999999e-02 -1.66197352e-06 
 1.00000000e+01  1.00000000e-01 -5.65486675e-11  1.00000000e+01  1.00000000e-01  2.48814137e-06  1.00000000e+01  9.99999999e-02 -2.09230070e-06 
 1.25892541e+01  1.00000000e-01 -7.11905544e-11  1.25892541e+01  1.00000000e-01  3.13238439e-06  1.25892541e+01  9.99999998e-02 -2.63405051e-06 
 1.58489319e+01  1.00000000e-01 -8.96235977e-11  1.58489319e+01  1.00000000e-01  3.94343830e-06  1.58489319e+01  9.99999997e-02 -3.31607312e-06 
 1.99526231e+01  1.00000000e-01 -1.12829424e-10  1.99526231e+01  1.00000001e-01  4.96449465e-06  1.99526231e+01  9.99999995e-02 -4.17468869e-06 
 2.51188643e+01  1.00000000e-01 -1.42043828e-10  2.51188643e+01  1.00000001e-01  6.24992841e-06  2.51188643e+01  9.99999992e-02 -5.25562164e-06 
 3.16227766e+01  1.00000000e-01 -1.78822582e-10  3.16227766e+01  1.00000002e-01  7.86819357e-06  3.16227766e+01  9.99999987e-02 -6.61643554e-06 
 3.98107171e+01  1.00000000e-01 -2.25124287e-10  3.98107171e+01  1.00000003e-01  9.90546858e-06  3.98107171e+01  9.99999980e-02 -8.32959866e-06 
 5.01187234e+01  1.00000000e-01 -2.83414676e-10  5.01187234e+01  1.00000004e-01  1.24702456e-05  5.01187234e+01  9.99999968e-02 -1.04863431e-05 
 6.30957344e+01  1.00000000e-01 -3.56797916e-10  6.30957344e+01  1.00000006e-01  1.56991081e-05  6.30957344e+01  9.99999950e-02 -1.32015231e-05 
 7.94328235e+01  1.00000000e-01 -4.49181923e-10  7.94328235e+01  1.00000010e-01  1.97640041e-05  7.94328235e+01  9.99999920e-02 -1.66197314e-05 
 1.00000000e+02  1.00000000e-01 -5.65486454e-10  1.00000000e+02  1.00000016e-01  2.48814031e-05  1.00000000e+02  9.99999873e-02 -2.09229994e-05 
 1.25892541e+02  1.00000000e-01 -7.11905103e-10  1.25892541e+02  1.00000026e-01  3.13238228e-05  1.25892541e+02  9.99999799e-02 -2.63404900e-05 
 1.58489319e+02  1.00000000e-01 -8.96235097e-10  1.58489319e+02  1.00000041e-01  3.94343408e-05  1.58489319e+02  9.99999682e-02 -3.31607010e-05 
 1.99526231e+02  1.00000000e-01 -1.12829248e-09  1.99526231e+02  1.00000065e-01  4.96448623e-05  1.99526231e+02  9.99999496e-02 -4.17468267e-05 
 2.51188643e+02  1.00000000e-01 -1.42043477e-09  2.51188643e+02  1.00000103e-01  6.24991161e-05  2.51188643e+02  9.99999201e-02 -5.25560962e-05 
 3.16227766e+02  1.00000000e-01 -1.78821883e-09  3.16227766e+02  1.00000163e-01  7.86816005e-05  3.16227766e+02  9.99998734e-02 -6.61641156e-05 
 3.98107171e+02  1.00000000e-01 -2.25122893e-09  3.98107171e+02  1.00000259e-01  9.90540170e-05  3.98107171e+02  9.99997994e-02 -8.32955081e-05 
 5.01187234e+02  1.00000000e-01 -2.83411893e-09  5.01187234e+02  1.00000410e-01  1.24701122e-04  5.01187234e+02  9.99996820e-02 -1.04862476e-04 
 6.30957344e+02  1.00000000e-01 -3.56792365e-09  6.30957344e+02  1.00000650e-01  1.56988419e-04  6.30957344e+02  9.99994960e-02 -1.32013326e-04 
 7.94328235e+02  1.00000000e-01 -4.49170846e-09  7.94328235e+02  1.00001030e-01  1.97634729e-04  7.94328235e+02  9.99992012e-02 -1.66193514e-04 
 1.00000000e+03  1.00000000e-01 -5.65464354e-09  1.00000000e+03  1.00001632e-01  2.48803432e-04  1.00000000e+03  9.99987341e-02 -2.09222411e-04 
 1.25892541e+03  9.99999999e-02 -7.11861008e-09  1.25892541e+03  1.00002587e-01  3.13217081e-04  1.25892541e+03  9.99979937e-02 -2.63389770e-04 
 1.58489319e+03  9.99999999e-02 -8.96147119e-09  1.58489319e+03  1.00004099e-01  3.94301216e-04  1.58489319e+03  9.99968203e-02 -3.31576822e-04 
 1.99526231e+03  9.99999999e-02 -1.12811696e-08  1.99526231e+03  1.00006497e-01  4.96364445e-04  1.99526231e+03  9.99949607e-02 -4.17408038e-04 
 2.51188643e+03  9.99999998e-02 -1.42008458e-08  2.51188643e+03  1.00010295e-01  6.24823222e-04  2.51188643e+03  9.99920140e-02 -5.25440799e-04 
 3.16227766e+03  9.99999996e-02 -1.78752020e-08  3.16227766e+03  1.00016314e-01  7.86480976e-04  3.16227766e+03  9.99873447e-02 -6.61401432e-04 
 3.98107171e+03  9.99999994e-02 -2.24983531e-08  3.98107171e+03  1.00025850e-01  9.89871870e-04  3.98107171e+03  9.99799470e-02 -8.32476873e-04 
 5.01187234e+03  9.99999991e-02 -2.83133934e-08  5.01187234e+03  1.00040953e-01  1.24567832e-03  5.01187234e+03  9.99682290e-02 -1.04767094e-03 
 6.30957344e+03  9.99999986e-02 -3.56238087e-08  6.30957344e+03  1.00064865e-01  1.56722640e-03  6.30957344e+03  9.99496734e-02 -1.31823116e-03 
 7.94328235e+03  9.99999978e-02 -4.48065940e-08  7.94328235e+03  1.00102702e-01  1.97104966e-03  7.94328235e+03  9.99203055e-02 -1.65814321e-03 
 1.00000000e+04  9.99999965e-02 -5.63263009e-08  1.00000000e+04  1.00162514e-01  2.47748104e-03  1.00000000e+04  9.98738628e-02 -2.08466851e-03 
 1.25892541e+04  9.99999944e-02 -7.07478927e-08  1.25892541e+04  1.00256923e-01  3.11116741e-03  1.25892541e+04  9.98005116e-02 -2.61885472e-03 
 1.58489319e+04  9.99999912e-02 -8.87435720e-08  1.58489319e+04  1.00405589e-01  3.90127190e-03  1.58489319e+04  9.96848955e-02 -3.28585549e-03 
 1.99526231e+04  9.99999861e-02 -1.11083569e-07  1.99526231e+04  1.00638821e-01  4.88088453e-03  1.99526231e+04  9.95032407e-02 -4.11471625e-03 
 2.51188643e+04  9.99999781e-02 -1.38591632e-07  2.51188643e+04  1.01002586e-01  6.08473158e-03  2.51188643e+04  9.92192497e-02 -5.13695794e-03 
 3.16227766e+04  9.99999658e-02 -1.72031087e-07  3.16227766e+04  1.01564801e-01  7.54360070e-03  3.16227766e+04  9.87787223e-02 -6.38275631e-03 
 3.98107171e+04  9.99999470e-02 -2.11867946e-07  3.98107171e+04  1.02421611e-01  9.27307965e-03  3.98107171e+04  9.81035802e-02 -7.87278385e-03 
 5.01187234e+04  9.99999188e-02 -2.57845435e-07  5.01187234e+04  1.03699839e-01  1.12538840e-02  5.01187234e+04  9.70877919e-02 -9.60320606e-03 
 6.30957344e+04  9.99998778e-02 -3.08337734e-07  6.30957344e+04  1.05547366e-01  1.34031358e-02  6.30957344e+04  9.56011423e-02 -1.15221562e-02 
 7.94328235e+04  9.99998205e-02 -3.59606996e-07  7.94328235e+04  1.08099179e-01  1.55439229e-02  7.94328235e+04  9.35110841e-02 -1.35010015e-02 
 1.00000000e+05  9.99997453e-02 -4.05429749e-07  1.00000000e+05  1.11411204e-01  1.73960685e-02  1.00000000e+05  9.07328884e-02 -1.53157489e-02 
 1.25892541e+05  9.99996536e-02 -4.37909913e-07  1.25892541e+05  1.15379387e-01  1.86233861e-02  1.25892541e+05  8.73028719e-02 -1.66686084e-02 
 1.58489319e+05  9.99995519e-02 -4.49996496e-07  1.58489319e+05  1.19702307e-01  1.89512001e-02  1.58489319e+05  8.34341730e-02 -1.72745589e-02 
 1.99526231e+05  9.99994500e-02 -4.38741448e-07  1.99526231e+05  1.23949889e-01  1.82988220e-02  1.99526231e+05  7.94914711e-02 -1.69874563e-02 
 2.51188643e+05  9.99993578e-02 -4.06895730e-07  2.51188643e+05  1.27720640e-01  1.68237531e-02  2.51188643e+05  7.58675157e-02 -1.58780029e-02 
 3.16227766e+05  9.99992819e-02 -3.61415912e-07  3.16227766e+05  1.30778142e-01  1.48375446e-02  3.16227766e+05  7.28392804e-02 -1.41949908e-02 
 3.98107171e+05  9.99992240e-02 -3.10221246e-07  3.98107171e+05  1.33080288e-01  1.26674418e-02  3.98107171e+05  7.05039319e-02 -1.22449770e-02 
 5.01187234e+05  9.99991824e-02 -2.59620241e-07  5.01187234e+05  1.34718822e-01  1.05605033e-02  5.01187234e+05  6.88119378e-02 -1.02844776e-02 
 6.30957344e+05  9.99991538e-02 -2.13439195e-07  6.30957344e+05  1.35838880e-01  8.65912612e-03  6.30957344e+05  6.76407315e-02 -8.47603106e-03 
 7.94328235e+05  9.99991347e-02 -1.73368124e-07  7.94328235e+05  1.36583546e-01  7.02110441e-03  7.94328235e+05  6.68553912e-02 -6.89615068e-03 
 1.00000000e+06  9.99991222e-02 -1.39701059e-07  1.00000000e+06  1.37069532e-01  5.65114876e-03  1.00000000e+06  6.63399562e-02 -5.56299310e-03 
 1.25892541e+06  9.99991142e-02 -1.11989508e-07  1.25892541e+06  1.37382869e-01  4.52680992e-03  1.25892541e+06  6.60064085e-02 -4.46263016e-03 
 1.58489319e+06  9.99991090e-02 -8.94758711e-08  1.58489319e+06  1.37583311e-01  3.61505299e-03  1.58489319e+06  6.57925314e-02 -3.56709587e-03 
 1.99526231e+06  9.99991057e-02 -7.13360372e-08  1.99526231e+06  1.37710891e-01  2.88128637e-03  1.99526231e+06  6.56561937e-02 -2.84473797e-03 
 2.51188643e+06  9.99991036e-02 -5.67967501e-08  2.51188643e+06  1.37791835e-01  2.29359965e-03  2.51188643e+06  6.55696099e-02 -2.26535249e-03 
 3.16227766e+06  9.99991023e-02 -4.51819341e-08  3.16227766e+06  1.37843087e-01  1.82434169e-03  3.16227766e+06  6.55147543e-02 -1.80230036e-03 
 3.98107171e+06  9.99991014e-02 -3.59227816e-08  3.98107171e+06  1.37875496e-01  1.45036716e-03  3.98107171e+06  6.54800526e-02 -1.43305866e-03 
 5.01187234e+06  9.99991009e-02 -2.85512929e-08  5.01187234e+06  1.37895973e-01  1.15269045e-03  5.01187234e+06  6.54581214e-02 -1.13904216e-03 
 6.30957344e+06  9.99991006e-02 -2.26875327e-08  6.30957344e+06  1.37908905e-01  9.15927013e-04  6.30957344e+06  6.54442694e-02 -9.05136177e-04 
 7.94328235e+06  9.99991004e-02 -1.80255777e-08  7.94328235e+06  1.37917068e-01  7.27703368e-04  7.94328235e+06  6.54355237e-02 -7.19157188e-04 
 1.00000000e+07  9.99991002e-02 -1.43203461e-08  1.00000000e+07  1.37922221e-01  5.78113886e-04  1.00000000e+07  6.54300032e-02 -5.71338096e-04 
 1.25892541e+07  9.99991001e-02 -1.13761184e-08  1.25892541e+07  1.37925473e-01  4.59251562e-04  1.25892541e+07  6.54265192e-02 -4.53875720e-04 
 1.58489319e+07  9.99991001e-02 -9.03690500e-09  1.58489319e+07  1.37927525e-01  3.64816221e-04  1.58489319e+07  6.54243205e-02 -3.60549227e-04 
 1.99526231e+07  9.99991001e-02 -7.17853592e-09  1.99526231e+07  1.37928820e-01  2.89793719e-04  1.99526231e+07  6.54229331e-02 -2.86405923e-04 
 2.51188643e+07  9.99991000e-02 -5.70224765e-09  2.51188643e+07  1.37929637e-01  2.30196292e-04  2.51188643e+07  6.54220576e-02 -2.27506071e-04 
 3.16227766e+07  9.99991000e-02 -4.52952341e-09  3.16227766e+07  1.37930153e-01  1.82853900e-04  3.16227766e+07  6.54215052e-02 -1.80717383e-04 
 3.98107171e+07  9.99991000e-02 -3.59796197e-09  3.98107171e+07  1.37930478e-01  1.45247261e-04  3.98107171e+07  6.54211567e-02 -1.43550367e-04 
 5.01187234e+07  9.99991000e-02 -2.85797964e-09  5.01187234e+07  1.37930684e-01  1.15374625e-04  5.01187234e+07  6.54209368e-02 -1.14026835e-04 
 6.30957344e+07  9.99991000e-02 -2.27018237e-09  6.30957344e+07  1.37930813e-01  9.16456351e-05  6.30957344e+07  6.54207980e-02 -9.05750977e-05 
 7.94328235e+07  9.99991000e-02 -1.80327419e-09  7.94328235e+07  1.37930895e-01  7.27968723e-05  7.94328235e+07  6.54207104e-02 -7.19465396e-05 
 1.00000000e+08  9.99991000e-02 -1.43239372e-09  1.00000000e+08  1.37930946e-01  5.78246897e-05  1.00000000e+08  6.54206552e-02 -5.71492591e-05 
 1.25892541e+08  9.99991000e-02 -1.13779184e-09  1.25892541e+08  1.37930979e-01  4.59318231e-05  1.25892541e+08  6.54206203e-02 -4.53953159e-05 
 1.58489319e+08  9.99991000e-02 -9.03780718e-10  1.58489319e+08  1.37930999e-01  3.64849637e-05  1.58489319e+08  6.54205983e-02 -3.60588041e-05 
 1.99526231e+08  9.99991000e-02 -7.17898810e-10  1.99526231e+08  1.37931012e-01  2.89810467e-05  1.99526231e+08  6.54205845e-02 -2.86425377e-05 
 2.51188643e+08  9.99991000e-02 -5.70247428e-10  2.51188643e+08  1.37931021e-01  2.30204686e-05  2.51188643e+08  6.54205757e-02 -2.27515821e-05 
 3.16227766e+08  9.99991000e-02 -4.52963700e-10  3.16227766e+08  1.37931026e-01  1.82858107e-05  3.16227766e+08  6.54205702e-02 -1.80722270e-05 
 3.98107171e+08  9.99991000e-02 -3.59801890e-10  3.98107171e+08  1.37931029e-01  1.45249370e-05  3.98107171e+08  6.54205667e-02 -1.43552816e-05 
 5.01187234e+08  9.99991000e-02 -2.85800817e-10  5.01187234e+08  1.37931031e-01  1.15375682e-05  5.01187234e+08  6.54205645e-02 -1.14028062e-05 
 6.30957344e+08  9.99991000e-02 -2.27019667e-10  6.30957344e+08  1.37931032e-01  9.16461647e-06  6.30957344e+08  6.54205631e-02 -9.05757129e-06 
 7.94328235e+08  9.99991000e-02 -1.80328135e-10  7.94328235e+08  1.37931033e-01  7.27971378e-06  7.94328235e+08  6.54205622e-02 -7.19468480e-06 
 1.00000000e+09  9.99991000e-02 -1.43239732e-10  1.00000000e+09  1.37931034e-01  5.78248227e-06  1.00000000e+09  6.54205617e-02 -5.71494137e-06 
