 0.00000000e+00  0.00000000e+00  0.00000000e+00  0.00000000e+00 
 1.00000000e-09  0.00000000e+00  1.00000000e-09  0.00000000e+00 
 2.00000000e-09  0.00000000e+00  2.00000000e-09  0.00000000e+00 
 4.00000000e-09  0.00000000e+00  4.00000000e-09  0.00000000e+00 
 8.00000000e-09  0.00000000e+00  8.00000000e-09  0.00000000e+00 
 1.60000000e-08  0.00000000e+00  1.60000000e-08  0.00000000e+00 
 3.20000000e-08  0.00000000e+00  3.20000000e-08  0.00000000e+00 
 6.40000000e-08  0.00000000e+00  6.40000000e-08  0.00000000e+00 
 1.28000000e-07  0.00000000e+00  1.28000000e-07  0.00000000e+00 
 2.28000000e-07  0.00000000e+00  2.28000000e-07  0.00000000e+00 
 3.28000000e-07  0.00000000e+00  3.28000000e-07  0.00000000e+00 
 4.28000000e-07  0.00000000e+00  4.28000000e-07  0.00000000e+00 
 5.28000000e-07  0.00000000e+00  5.28000000e-07  0.00000000e+00 
 6.28000000e-07  0.00000000e+00  6.28000000e-07  0.00000000e+00 
 7.28000000e-07  0.00000000e+00  7.28000000e-07  0.00000000e+00 
 8.28000000e-07  0.00000000e+00  8.28000000e-07  0.00000000e+00 
 9.28000000e-07  0.00000000e+00  9.28000000e-07  0.00000000e+00 
 1.00000000e-06  0.00000000e+00  1.00000000e-06  0.00000000e+00 
 1.00010000e-06  2.91091727e-02  1.00010000e-06  1.00000000e-01 
 1.00030000e-06  8.73244787e-02  1.00030000e-06  3.00000000e-01 
 1.00070000e-06  2.03736883e-01  1.00070000e-06  7.00000000e-01 
 1.00100000e-06  2.91030285e-01  1.00100000e-06  1.00000000e+00 
 1.00106648e-06  2.91020212e-01  1.00106648e-06  1.00000000e+00 
 1.00119943e-06  2.91000076e-01  1.00119943e-06  1.00000000e+00 
 1.00146534e-06  2.90959868e-01  1.00146534e-06  1.00000000e+00 
 1.00199716e-06  2.90879704e-01  1.00199716e-06  1.00000000e+00 
 1.00306080e-06  2.90720383e-01  1.00306080e-06  1.00000000e+00 
 1.00518807e-06  2.90405726e-01  1.00518807e-06  1.00000000e+00 
 1.00944262e-06  2.89792017e-01  1.00944262e-06  1.00000000e+00 
 1.01795172e-06  2.88624484e-01  1.01795172e-06  1.00000000e+00 
 1.03496992e-06  2.86510096e-01  1.03496992e-06  1.00000000e+00 
 1.06900631e-06  2.83033234e-01  1.06900631e-06  1.00000000e+00 
 1.13707910e-06  2.78290313e-01  1.13707910e-06  1.00000000e+00 
 1.23707910e-06  2.74639370e-01  1.23707910e-06  1.00000000e+00 
 1.33707910e-06  2.73056392e-01  1.33707910e-06  1.00000000e+00 
 1.43707910e-06  2.72370044e-01  1.43707910e-06  1.00000000e+00 
 1.53707910e-06  2.72072456e-01  1.53707910e-06  1.00000000e+00 
 1.63707910e-06  2.71943428e-01  1.63707910e-06  1.00000000e+00 
 1.73707910e-06  2.71887484e-01  1.73707910e-06  1.00000000e+00 
 1.83707910e-06  2.71863228e-01  1.83707910e-06  1.00000000e+00 
 1.93707910e-06  2.71852711e-01  1.93707910e-06  1.00000000e+00 
 2.03707910e-06  2.71848151e-01  2.03707910e-06  1.00000000e+00 
 2.13707910e-06  2.71846174e-01  2.13707910e-06  1.00000000e+00 
 2.23707910e-06  2.71845316e-01  2.23707910e-06  1.00000000e+00 
 2.33707910e-06  2.71844945e-01  2.33707910e-06  1.00000000e+00 
 2.43707910e-06  2.71844784e-01  2.43707910e-06  1.00000000e+00 
 2.53707910e-06  2.71844714e-01  2.53707910e-06  1.00000000e+00 
 2.63707910e-06  2.71844683e-01  2.63707910e-06  1.00000000e+00 
 2.73707910e-06  2.71844670e-01  2.73707910e-06  1.00000000e+00 
 2.83707910e-06  2.71844665e-01  2.83707910e-06  1.00000000e+00 
 2.93707910e-06  2.71844662e-01  2.93707910e-06  1.00000000e+00 
 3.03707910e-06  2.71844661e-01  3.03707910e-06  1.00000000e+00 
 3.13707910e-06  2.71844661e-01  3.13707910e-06  1.00000000e+00 
 3.23707910e-06  2.71844660e-01  3.23707910e-06  1.00000000e+00 
 3.33707910e-06  2.71844660e-01  3.33707910e-06  1.00000000e+00 
 3.43707910e-06  2.71844660e-01  3.43707910e-06  1.00000000e+00 
 3.53707910e-06  2.71844660e-01  3.53707910e-06  1.00000000e+00 
 3.63707910e-06  2.71844660e-01  3.63707910e-06  1.00000000e+00 
 3.73707910e-06  2.71844660e-01  3.73707910e-06  1.00000000e+00 
 3.83707910e-06  2.71844660e-01  3.83707910e-06  1.00000000e+00 
 3.93707910e-06  2.71844660e-01  3.93707910e-06  1.00000000e+00 
 4.03707910e-06  2.71844660e-01  4.03707910e-06  1.00000000e+00 
 4.13707910e-06  2.71844660e-01  4.13707910e-06  1.00000000e+00 
 4.23707910e-06  2.71844660e-01  4.23707910e-06  1.00000000e+00 
 4.33707910e-06  2.71844660e-01  4.33707910e-06  1.00000000e+00 
 4.43707910e-06  2.71844660e-01  4.43707910e-06  1.00000000e+00 
 4.53707910e-06  2.71844660e-01  4.53707910e-06  1.00000000e+00 
 4.63707910e-06  2.71844660e-01  4.63707910e-06  1.00000000e+00 
 4.73707910e-06  2.71844660e-01  4.73707910e-06  1.00000000e+00 
 4.83707910e-06  2.71844660e-01  4.83707910e-06  1.00000000e+00 
 4.93707910e-06  2.71844660e-01  4.93707910e-06  1.00000000e+00 
 5.03707910e-06  2.71844660e-01  5.03707910e-06  1.00000000e+00 
 5.13707910e-06  2.71844660e-01  5.13707910e-06  1.00000000e+00 
 5.23707910e-06  2.71844660e-01  5.23707910e-06  1.00000000e+00 
 5.33707910e-06  2.71844660e-01  5.33707910e-06  1.00000000e+00 
 5.43707910e-06  2.71844660e-01  5.43707910e-06  1.00000000e+00 
 5.53707910e-06  2.71844660e-01  5.53707910e-06  1.00000000e+00 
 5.63707910e-06  2.71844660e-01  5.63707910e-06  1.00000000e+00 
 5.73707910e-06  2.71844660e-01  5.73707910e-06  1.00000000e+00 
 5.83707910e-06  2.71844660e-01  5.83707910e-06  1.00000000e+00 
 5.93707910e-06  2.71844660e-01  5.93707910e-06  1.00000000e+00 
 6.03707910e-06  2.71844660e-01  6.03707910e-06  1.00000000e+00 
 6.13707910e-06  2.71844660e-01  6.13707910e-06  1.00000000e+00 
 6.23707910e-06  2.71844660e-01  6.23707910e-06  1.00000000e+00 
 6.33707910e-06  2.71844660e-01  6.33707910e-06  1.00000000e+00 
 6.43707910e-06  2.71844660e-01  6.43707910e-06  1.00000000e+00 
 6.53707910e-06  2.71844660e-01  6.53707910e-06  1.00000000e+00 
 6.63707910e-06  2.71844660e-01  6.63707910e-06  1.00000000e+00 
 6.73707910e-06  2.71844660e-01  6.73707910e-06  1.00000000e+00 
 6.83707910e-06  2.71844660e-01  6.83707910e-06  1.00000000e+00 
 6.93707910e-06  2.71844660e-01  6.93707910e-06  1.00000000e+00 
 7.03707910e-06  2.71844660e-01  7.03707910e-06  1.00000000e+00 
 7.13707910e-06  2.71844660e-01  7.13707910e-06  1.00000000e+00 
 7.23707910e-06  2.71844660e-01  7.23707910e-06  1.00000000e+00 
 7.33707910e-06  2.71844660e-01  7.33707910e-06  1.00000000e+00 
 7.43707910e-06  2.71844660e-01  7.43707910e-06  1.00000000e+00 
 7.53707910e-06  2.71844660e-01  7.53707910e-06  1.00000000e+00 
 7.63707910e-06  2.71844660e-01  7.63707910e-06  1.00000000e+00 
 7.73707910e-06  2.71844660e-01  7.73707910e-06  1.00000000e+00 
 7.83707910e-06  2.71844660e-01  7.83707910e-06  1.00000000e+00 
 7.93707910e-06  2.71844660e-01  7.93707910e-06  1.00000000e+00 
 8.03707910e-06  2.71844660e-01  8.03707910e-06  1.00000000e+00 
 8.13707910e-06  2.71844660e-01  8.13707910e-06  1.00000000e+00 
 8.23707910e-06  2.71844660e-01  8.23707910e-06  1.00000000e+00 
 8.33707910e-06  2.71844660e-01  8.33707910e-06  1.00000000e+00 
 8.43707910e-06  2.71844660e-01  8.43707910e-06  1.00000000e+00 
 8.53707910e-06  2.71844660e-01  8.53707910e-06  1.00000000e+00 
 8.63707910e-06  2.71844660e-01  8.63707910e-06  1.00000000e+00 
 8.73707910e-06  2.71844660e-01  8.73707910e-06  1.00000000e+00 
 8.83707910e-06  2.71844660e-01  8.83707910e-06  1.00000000e+00 
 8.93707910e-06  2.71844660e-01  8.93707910e-06  1.00000000e+00 
 9.03707910e-06  2.71844660e-01  9.03707910e-06  1.00000000e+00 
 9.13707910e-06  2.71844660e-01  9.13707910e-06  1.00000000e+00 
 9.23707910e-06  2.71844660e-01  9.23707910e-06  1.00000000e+00 
 9.33707910e-06  2.71844660e-01  9.33707910e-06  1.00000000e+00 
 9.43707910e-06  2.71844660e-01  9.43707910e-06  1.00000000e+00 
 9.53707910e-06  2.71844660e-01  9.53707910e-06  1.00000000e+00 
 9.63707910e-06  2.71844660e-01  9.63707910e-06  1.00000000e+00 
 9.73707910e-06  2.71844660e-01  9.73707910e-06  1.00000000e+00 
 9.83707910e-06  2.71844660e-01  9.83707910e-06  1.00000000e+00 
 9.93707910e-06  2.71844660e-01  9.93707910e-06  1.00000000e+00 
 1.00370791e-05  2.71844660e-01  1.00370791e-05  1.00000000e+00 
 1.01370791e-05  2.71844660e-01  1.01370791e-05  1.00000000e+00 
 1.02370791e-05  2.71844660e-01  1.02370791e-05  1.00000000e+00 
 1.03370791e-05  2.71844660e-01  1.03370791e-05  1.00000000e+00 
 1.04370791e-05  2.71844660e-01  1.04370791e-05  1.00000000e+00 
 1.05370791e-05  2.71844660e-01  1.05370791e-05  1.00000000e+00 
 1.06370791e-05  2.71844660e-01  1.06370791e-05  1.00000000e+00 
 1.07370791e-05  2.71844660e-01  1.07370791e-05  1.00000000e+00 
 1.08370791e-05  2.71844660e-01  1.08370791e-05  1.00000000e+00 
 1.09370791e-05  2.71844660e-01  1.09370791e-05  1.00000000e+00 
 1.10370791e-05  2.71844660e-01  1.10370791e-05  1.00000000e+00 
 1.11370791e-05  2.71844660e-01  1.11370791e-05  1.00000000e+00 
 1.12370791e-05  2.71844660e-01  1.12370791e-05  1.00000000e+00 
 1.13370791e-05  2.71844660e-01  1.13370791e-05  1.00000000e+00 
 1.14370791e-05  2.71844660e-01  1.14370791e-05  1.00000000e+00 
 1.15370791e-05  2.71844660e-01  1.15370791e-05  1.00000000e+00 
 1.16370791e-05  2.71844660e-01  1.16370791e-05  1.00000000e+00 
 1.17370791e-05  2.71844660e-01  1.17370791e-05  1.00000000e+00 
 1.18370791e-05  2.71844660e-01  1.18370791e-05  1.00000000e+00 
 1.19370791e-05  2.71844660e-01  1.19370791e-05  1.00000000e+00 
 1.20370791e-05  2.71844660e-01  1.20370791e-05  1.00000000e+00 
 1.21370791e-05  2.71844660e-01  1.21370791e-05  1.00000000e+00 
 1.22370791e-05  2.71844660e-01  1.22370791e-05  1.00000000e+00 
 1.23370791e-05  2.71844660e-01  1.23370791e-05  1.00000000e+00 
 1.24370791e-05  2.71844660e-01  1.24370791e-05  1.00000000e+00 
 1.25370791e-05  2.71844660e-01  1.25370791e-05  1.00000000e+00 
 1.26370791e-05  2.71844660e-01  1.26370791e-05  1.00000000e+00 
 1.27370791e-05  2.71844660e-01  1.27370791e-05  1.00000000e+00 
 1.28370791e-05  2.71844660e-01  1.28370791e-05  1.00000000e+00 
 1.29370791e-05  2.71844660e-01  1.29370791e-05  1.00000000e+00 
 1.30370791e-05  2.71844660e-01  1.30370791e-05  1.00000000e+00 
 1.31370791e-05  2.71844660e-01  1.31370791e-05  1.00000000e+00 
 1.32370791e-05  2.71844660e-01  1.32370791e-05  1.00000000e+00 
 1.33370791e-05  2.71844660e-01  1.33370791e-05  1.00000000e+00 
 1.34370791e-05  2.71844660e-01  1.34370791e-05  1.00000000e+00 
 1.35370791e-05  2.71844660e-01  1.35370791e-05  1.00000000e+00 
 1.36370791e-05  2.71844660e-01  1.36370791e-05  1.00000000e+00 
 1.37370791e-05  2.71844660e-01  1.37370791e-05  1.00000000e+00 
 1.38370791e-05  2.71844660e-01  1.38370791e-05  1.00000000e+00 
 1.39370791e-05  2.71844660e-01  1.39370791e-05  1.00000000e+00 
 1.40370791e-05  2.71844660e-01  1.40370791e-05  1.00000000e+00 
 1.41370791e-05  2.71844660e-01  1.41370791e-05  1.00000000e+00 
 1.42370791e-05  2.71844660e-01  1.42370791e-05  1.00000000e+00 
 1.43370791e-05  2.71844660e-01  1.43370791e-05  1.00000000e+00 
 1.44370791e-05  2.71844660e-01  1.44370791e-05  1.00000000e+00 
 1.45370791e-05  2.71844660e-01  1.45370791e-05  1.00000000e+00 
 1.46370791e-05  2.71844660e-01  1.46370791e-05  1.00000000e+00 
 1.47370791e-05  2.71844660e-01  1.47370791e-05  1.00000000e+00 
 1.48370791e-05  2.71844660e-01  1.48370791e-05  1.00000000e+00 
 1.49370791e-05  2.71844660e-01  1.49370791e-05  1.00000000e+00 
 1.50370791e-05  2.71844660e-01  1.50370791e-05  1.00000000e+00 
 1.51370791e-05  2.71844660e-01  1.51370791e-05  1.00000000e+00 
 1.52370791e-05  2.71844660e-01  1.52370791e-05  1.00000000e+00 
 1.53370791e-05  2.71844660e-01  1.53370791e-05  1.00000000e+00 
 1.54370791e-05  2.71844660e-01  1.54370791e-05  1.00000000e+00 
 1.55370791e-05  2.71844660e-01  1.55370791e-05  1.00000000e+00 
 1.56370791e-05  2.71844660e-01  1.56370791e-05  1.00000000e+00 
 1.57370791e-05  2.71844660e-01  1.57370791e-05  1.00000000e+00 
 1.58370791e-05  2.71844660e-01  1.58370791e-05  1.00000000e+00 
 1.59370791e-05  2.71844660e-01  1.59370791e-05  1.00000000e+00 
 1.60370791e-05  2.71844660e-01  1.60370791e-05  1.00000000e+00 
 1.61370791e-05  2.71844660e-01  1.61370791e-05  1.00000000e+00 
 1.62370791e-05  2.71844660e-01  1.62370791e-05  1.00000000e+00 
 1.63370791e-05  2.71844660e-01  1.63370791e-05  1.00000000e+00 
 1.64370791e-05  2.71844660e-01  1.64370791e-05  1.00000000e+00 
 1.65370791e-05  2.71844660e-01  1.65370791e-05  1.00000000e+00 
 1.66370791e-05  2.71844660e-01  1.66370791e-05  1.00000000e+00 
 1.67370791e-05  2.71844660e-01  1.67370791e-05  1.00000000e+00 
 1.68370791e-05  2.71844660e-01  1.68370791e-05  1.00000000e+00 
 1.69370791e-05  2.71844660e-01  1.69370791e-05  1.00000000e+00 
 1.70370791e-05  2.71844660e-01  1.70370791e-05  1.00000000e+00 
 1.71370791e-05  2.71844660e-01  1.71370791e-05  1.00000000e+00 
 1.72370791e-05  2.71844660e-01  1.72370791e-05  1.00000000e+00 
 1.73370791e-05  2.71844660e-01  1.73370791e-05  1.00000000e+00 
 1.74370791e-05  2.71844660e-01  1.74370791e-05  1.00000000e+00 
 1.75370791e-05  2.71844660e-01  1.75370791e-05  1.00000000e+00 
 1.76370791e-05  2.71844660e-01  1.76370791e-05  1.00000000e+00 
 1.77370791e-05  2.71844660e-01  1.77370791e-05  1.00000000e+00 
 1.78370791e-05  2.71844660e-01  1.78370791e-05  1.00000000e+00 
 1.79370791e-05  2.71844660e-01  1.79370791e-05  1.00000000e+00 
 1.80370791e-05  2.71844660e-01  1.80370791e-05  1.00000000e+00 
 1.81370791e-05  2.71844660e-01  1.81370791e-05  1.00000000e+00 
 1.82370791e-05  2.71844660e-01  1.82370791e-05  1.00000000e+00 
 1.83370791e-05  2.71844660e-01  1.83370791e-05  1.00000000e+00 
 1.84370791e-05  2.71844660e-01  1.84370791e-05  1.00000000e+00 
 1.85370791e-05  2.71844660e-01  1.85370791e-05  1.00000000e+00 
 1.86370791e-05  2.71844660e-01  1.86370791e-05  1.00000000e+00 
 1.87370791e-05  2.71844660e-01  1.87370791e-05  1.00000000e+00 
 1.88370791e-05  2.71844660e-01  1.88370791e-05  1.00000000e+00 
 1.89370791e-05  2.71844660e-01  1.89370791e-05  1.00000000e+00 
 1.90370791e-05  2.71844660e-01  1.90370791e-05  1.00000000e+00 
 1.91370791e-05  2.71844660e-01  1.91370791e-05  1.00000000e+00 
 1.92370791e-05  2.71844660e-01  1.92370791e-05  1.00000000e+00 
 1.93370791e-05  2.71844660e-01  1.93370791e-05  1.00000000e+00 
 1.94370791e-05  2.71844660e-01  1.94370791e-05  1.00000000e+00 
 1.95370791e-05  2.71844660e-01  1.95370791e-05  1.00000000e+00 
 1.96370791e-05  2.71844660e-01  1.96370791e-05  1.00000000e+00 
 1.97370791e-05  2.71844660e-01  1.97370791e-05  1.00000000e+00 
 1.98370791e-05  2.71844660e-01  1.98370791e-05  1.00000000e+00 
 1.99370791e-05  2.71844660e-01  1.99370791e-05  1.00000000e+00 
 2.00370791e-05  2.71844660e-01  2.00370791e-05  1.00000000e+00 
 2.01370791e-05  2.71844660e-01  2.01370791e-05  1.00000000e+00 
 2.02370791e-05  2.71844660e-01  2.02370791e-05  1.00000000e+00 
 2.03370791e-05  2.71844660e-01  2.03370791e-05  1.00000000e+00 
 2.04370791e-05  2.71844660e-01  2.04370791e-05  1.00000000e+00 
 2.05370791e-05  2.71844660e-01  2.05370791e-05  1.00000000e+00 
 2.06370791e-05  2.71844660e-01  2.06370791e-05  1.00000000e+00 
 2.07370791e-05  2.71844660e-01  2.07370791e-05  1.00000000e+00 
 2.08370791e-05  2.71844660e-01  2.08370791e-05  1.00000000e+00 
 2.09370791e-05  2.71844660e-01  2.09370791e-05  1.00000000e+00 
 2.10370791e-05  2.71844660e-01  2.10370791e-05  1.00000000e+00 
 2.11370791e-05  2.71844660e-01  2.11370791e-05  1.00000000e+00 
 2.12370791e-05  2.71844660e-01  2.12370791e-05  1.00000000e+00 
 2.13370791e-05  2.71844660e-01  2.13370791e-05  1.00000000e+00 
 2.14370791e-05  2.71844660e-01  2.14370791e-05  1.00000000e+00 
 2.15370791e-05  2.71844660e-01  2.15370791e-05  1.00000000e+00 
 2.16370791e-05  2.71844660e-01  2.16370791e-05  1.00000000e+00 
 2.17370791e-05  2.71844660e-01  2.17370791e-05  1.00000000e+00 
 2.18370791e-05  2.71844660e-01  2.18370791e-05  1.00000000e+00 
 2.19370791e-05  2.71844660e-01  2.19370791e-05  1.00000000e+00 
 2.20370791e-05  2.71844660e-01  2.20370791e-05  1.00000000e+00 
 2.21370791e-05  2.71844660e-01  2.21370791e-05  1.00000000e+00 
 2.22370791e-05  2.71844660e-01  2.22370791e-05  1.00000000e+00 
 2.23370791e-05  2.71844660e-01  2.23370791e-05  1.00000000e+00 
 2.24370791e-05  2.71844660e-01  2.24370791e-05  1.00000000e+00 
 2.25370791e-05  2.71844660e-01  2.25370791e-05  1.00000000e+00 
 2.26370791e-05  2.71844660e-01  2.26370791e-05  1.00000000e+00 
 2.27370791e-05  2.71844660e-01  2.27370791e-05  1.00000000e+00 
 2.28370791e-05  2.71844660e-01  2.28370791e-05  1.00000000e+00 
 2.29370791e-05  2.71844660e-01  2.29370791e-05  1.00000000e+00 
 2.30370791e-05  2.71844660e-01  2.30370791e-05  1.00000000e+00 
 2.31370791e-05  2.71844660e-01  2.31370791e-05  1.00000000e+00 
 2.32370791e-05  2.71844660e-01  2.32370791e-05  1.00000000e+00 
 2.33370791e-05  2.71844660e-01  2.33370791e-05  1.00000000e+00 
 2.34370791e-05  2.71844660e-01  2.34370791e-05  1.00000000e+00 
 2.35370791e-05  2.71844660e-01  2.35370791e-05  1.00000000e+00 
 2.36370791e-05  2.71844660e-01  2.36370791e-05  1.00000000e+00 
 2.37370791e-05  2.71844660e-01  2.37370791e-05  1.00000000e+00 
 2.38370791e-05  2.71844660e-01  2.38370791e-05  1.00000000e+00 
 2.39370791e-05  2.71844660e-01  2.39370791e-05  1.00000000e+00 
 2.40370791e-05  2.71844660e-01  2.40370791e-05  1.00000000e+00 
 2.41370791e-05  2.71844660e-01  2.41370791e-05  1.00000000e+00 
 2.42370791e-05  2.71844660e-01  2.42370791e-05  1.00000000e+00 
 2.43370791e-05  2.71844660e-01  2.43370791e-05  1.00000000e+00 
 2.44370791e-05  2.71844660e-01  2.44370791e-05  1.00000000e+00 
 2.45370791e-05  2.71844660e-01  2.45370791e-05  1.00000000e+00 
 2.46370791e-05  2.71844660e-01  2.46370791e-05  1.00000000e+00 
 2.47370791e-05  2.71844660e-01  2.47370791e-05  1.00000000e+00 
 2.48370791e-05  2.71844660e-01  2.48370791e-05  1.00000000e+00 
 2.49370791e-05  2.71844660e-01  2.49370791e-05  1.00000000e+00 
 2.50370791e-05  2.71844660e-01  2.50370791e-05  1.00000000e+00 
 2.51370791e-05  2.71844660e-01  2.51370791e-05  1.00000000e+00 
 2.52370791e-05  2.71844660e-01  2.52370791e-05  1.00000000e+00 
 2.53370791e-05  2.71844660e-01  2.53370791e-05  1.00000000e+00 
 2.54370791e-05  2.71844660e-01  2.54370791e-05  1.00000000e+00 
 2.55370791e-05  2.71844660e-01  2.55370791e-05  1.00000000e+00 
 2.56370791e-05  2.71844660e-01  2.56370791e-05  1.00000000e+00 
 2.57370791e-05  2.71844660e-01  2.57370791e-05  1.00000000e+00 
 2.58370791e-05  2.71844660e-01  2.58370791e-05  1.00000000e+00 
 2.59370791e-05  2.71844660e-01  2.59370791e-05  1.00000000e+00 
 2.60370791e-05  2.71844660e-01  2.60370791e-05  1.00000000e+00 
 2.61370791e-05  2.71844660e-01  2.61370791e-05  1.00000000e+00 
 2.62370791e-05  2.71844660e-01  2.62370791e-05  1.00000000e+00 
 2.63370791e-05  2.71844660e-01  2.63370791e-05  1.00000000e+00 
 2.64370791e-05  2.71844660e-01  2.64370791e-05  1.00000000e+00 
 2.65370791e-05  2.71844660e-01  2.65370791e-05  1.00000000e+00 
 2.66370791e-05  2.71844660e-01  2.66370791e-05  1.00000000e+00 
 2.67370791e-05  2.71844660e-01  2.67370791e-05  1.00000000e+00 
 2.68370791e-05  2.71844660e-01  2.68370791e-05  1.00000000e+00 
 2.69370791e-05  2.71844660e-01  2.69370791e-05  1.00000000e+00 
 2.70370791e-05  2.71844660e-01  2.70370791e-05  1.00000000e+00 
 2.71370791e-05  2.71844660e-01  2.71370791e-05  1.00000000e+00 
 2.72370791e-05  2.71844660e-01  2.72370791e-05  1.00000000e+00 
 2.73370791e-05  2.71844660e-01  2.73370791e-05  1.00000000e+00 
 2.74370791e-05  2.71844660e-01  2.74370791e-05  1.00000000e+00 
 2.75370791e-05  2.71844660e-01  2.75370791e-05  1.00000000e+00 
 2.76370791e-05  2.71844660e-01  2.76370791e-05  1.00000000e+00 
 2.77370791e-05  2.71844660e-01  2.77370791e-05  1.00000000e+00 
 2.78370791e-05  2.71844660e-01  2.78370791e-05  1.00000000e+00 
 2.79370791e-05  2.71844660e-01  2.79370791e-05  1.00000000e+00 
 2.80370791e-05  2.71844660e-01  2.80370791e-05  1.00000000e+00 
 2.81370791e-05  2.71844660e-01  2.81370791e-05  1.00000000e+00 
 2.82370791e-05  2.71844660e-01  2.82370791e-05  1.00000000e+00 
 2.83370791e-05  2.71844660e-01  2.83370791e-05  1.00000000e+00 
 2.84370791e-05  2.71844660e-01  2.84370791e-05  1.00000000e+00 
 2.85370791e-05  2.71844660e-01  2.85370791e-05  1.00000000e+00 
 2.86370791e-05  2.71844660e-01  2.86370791e-05  1.00000000e+00 
 2.87370791e-05  2.71844660e-01  2.87370791e-05  1.00000000e+00 
 2.88370791e-05  2.71844660e-01  2.88370791e-05  1.00000000e+00 
 2.89370791e-05  2.71844660e-01  2.89370791e-05  1.00000000e+00 
 2.90370791e-05  2.71844660e-01  2.90370791e-05  1.00000000e+00 
 2.91370791e-05  2.71844660e-01  2.91370791e-05  1.00000000e+00 
 2.92370791e-05  2.71844660e-01  2.92370791e-05  1.00000000e+00 
 2.93370791e-05  2.71844660e-01  2.93370791e-05  1.00000000e+00 
 2.94370791e-05  2.71844660e-01  2.94370791e-05  1.00000000e+00 
 2.95370791e-05  2.71844660e-01  2.95370791e-05  1.00000000e+00 
 2.96370791e-05  2.71844660e-01  2.96370791e-05  1.00000000e+00 
 2.97370791e-05  2.71844660e-01  2.97370791e-05  1.00000000e+00 
 2.98370791e-05  2.71844660e-01  2.98370791e-05  1.00000000e+00 
 2.99370791e-05  2.71844660e-01  2.99370791e-05  1.00000000e+00 
 3.00370791e-05  2.71844660e-01  3.00370791e-05  1.00000000e+00 
 3.01370791e-05  2.71844660e-01  3.01370791e-05  1.00000000e+00 
 3.02370791e-05  2.71844660e-01  3.02370791e-05  1.00000000e+00 
 3.03370791e-05  2.71844660e-01  3.03370791e-05  1.00000000e+00 
 3.04370791e-05  2.71844660e-01  3.04370791e-05  1.00000000e+00 
 3.05370791e-05  2.71844660e-01  3.05370791e-05  1.00000000e+00 
 3.06370791e-05  2.71844660e-01  3.06370791e-05  1.00000000e+00 
 3.07370791e-05  2.71844660e-01  3.07370791e-05  1.00000000e+00 
 3.08370791e-05  2.71844660e-01  3.08370791e-05  1.00000000e+00 
 3.09370791e-05  2.71844660e-01  3.09370791e-05  1.00000000e+00 
 3.10370791e-05  2.71844660e-01  3.10370791e-05  1.00000000e+00 
 3.11370791e-05  2.71844660e-01  3.11370791e-05  1.00000000e+00 
 3.12370791e-05  2.71844660e-01  3.12370791e-05  1.00000000e+00 
 3.13370791e-05  2.71844660e-01  3.13370791e-05  1.00000000e+00 
 3.14370791e-05  2.71844660e-01  3.14370791e-05  1.00000000e+00 
 3.15370791e-05  2.71844660e-01  3.15370791e-05  1.00000000e+00 
 3.16370791e-05  2.71844660e-01  3.16370791e-05  1.00000000e+00 
 3.17370791e-05  2.71844660e-01  3.17370791e-05  1.00000000e+00 
 3.18370791e-05  2.71844660e-01  3.18370791e-05  1.00000000e+00 
 3.19370791e-05  2.71844660e-01  3.19370791e-05  1.00000000e+00 
 3.20370791e-05  2.71844660e-01  3.20370791e-05  1.00000000e+00 
 3.21370791e-05  2.71844660e-01  3.21370791e-05  1.00000000e+00 
 3.22370791e-05  2.71844660e-01  3.22370791e-05  1.00000000e+00 
 3.23370791e-05  2.71844660e-01  3.23370791e-05  1.00000000e+00 
 3.24370791e-05  2.71844660e-01  3.24370791e-05  1.00000000e+00 
 3.25370791e-05  2.71844660e-01  3.25370791e-05  1.00000000e+00 
 3.26370791e-05  2.71844660e-01  3.26370791e-05  1.00000000e+00 
 3.27370791e-05  2.71844660e-01  3.27370791e-05  1.00000000e+00 
 3.28370791e-05  2.71844660e-01  3.28370791e-05  1.00000000e+00 
 3.29370791e-05  2.71844660e-01  3.29370791e-05  1.00000000e+00 
 3.30370791e-05  2.71844660e-01  3.30370791e-05  1.00000000e+00 
 3.31370791e-05  2.71844660e-01  3.31370791e-05  1.00000000e+00 
 3.32370791e-05  2.71844660e-01  3.32370791e-05  1.00000000e+00 
 3.33370791e-05  2.71844660e-01  3.33370791e-05  1.00000000e+00 
 3.34370791e-05  2.71844660e-01  3.34370791e-05  1.00000000e+00 
 3.35370791e-05  2.71844660e-01  3.35370791e-05  1.00000000e+00 
 3.36370791e-05  2.71844660e-01  3.36370791e-05  1.00000000e+00 
 3.37370791e-05  2.71844660e-01  3.37370791e-05  1.00000000e+00 
 3.38370791e-05  2.71844660e-01  3.38370791e-05  1.00000000e+00 
 3.39370791e-05  2.71844660e-01  3.39370791e-05  1.00000000e+00 
 3.40370791e-05  2.71844660e-01  3.40370791e-05  1.00000000e+00 
 3.41370791e-05  2.71844660e-01  3.41370791e-05  1.00000000e+00 
 3.42370791e-05  2.71844660e-01  3.42370791e-05  1.00000000e+00 
 3.43370791e-05  2.71844660e-01  3.43370791e-05  1.00000000e+00 
 3.44370791e-05  2.71844660e-01  3.44370791e-05  1.00000000e+00 
 3.45370791e-05  2.71844660e-01  3.45370791e-05  1.00000000e+00 
 3.46370791e-05  2.71844660e-01  3.46370791e-05  1.00000000e+00 
 3.47370791e-05  2.71844660e-01  3.47370791e-05  1.00000000e+00 
 3.48370791e-05  2.71844660e-01  3.48370791e-05  1.00000000e+00 
 3.49370791e-05  2.71844660e-01  3.49370791e-05  1.00000000e+00 
 3.50370791e-05  2.71844660e-01  3.50370791e-05  1.00000000e+00 
 3.51370791e-05  2.71844660e-01  3.51370791e-05  1.00000000e+00 
 3.52370791e-05  2.71844660e-01  3.52370791e-05  1.00000000e+00 
 3.53370791e-05  2.71844660e-01  3.53370791e-05  1.00000000e+00 
 3.54370791e-05  2.71844660e-01  3.54370791e-05  1.00000000e+00 
 3.55370791e-05  2.71844660e-01  3.55370791e-05  1.00000000e+00 
 3.56370791e-05  2.71844660e-01  3.56370791e-05  1.00000000e+00 
 3.57370791e-05  2.71844660e-01  3.57370791e-05  1.00000000e+00 
 3.58370791e-05  2.71844660e-01  3.58370791e-05  1.00000000e+00 
 3.59370791e-05  2.71844660e-01  3.59370791e-05  1.00000000e+00 
 3.60370791e-05  2.71844660e-01  3.60370791e-05  1.00000000e+00 
 3.61370791e-05  2.71844660e-01  3.61370791e-05  1.00000000e+00 
 3.62370791e-05  2.71844660e-01  3.62370791e-05  1.00000000e+00 
 3.63370791e-05  2.71844660e-01  3.63370791e-05  1.00000000e+00 
 3.64370791e-05  2.71844660e-01  3.64370791e-05  1.00000000e+00 
 3.65370791e-05  2.71844660e-01  3.65370791e-05  1.00000000e+00 
 3.66370791e-05  2.71844660e-01  3.66370791e-05  1.00000000e+00 
 3.67370791e-05  2.71844660e-01  3.67370791e-05  1.00000000e+00 
 3.68370791e-05  2.71844660e-01  3.68370791e-05  1.00000000e+00 
 3.69370791e-05  2.71844660e-01  3.69370791e-05  1.00000000e+00 
 3.70370791e-05  2.71844660e-01  3.70370791e-05  1.00000000e+00 
 3.71370791e-05  2.71844660e-01  3.71370791e-05  1.00000000e+00 
 3.72370791e-05  2.71844660e-01  3.72370791e-05  1.00000000e+00 
 3.73370791e-05  2.71844660e-01  3.73370791e-05  1.00000000e+00 
 3.74370791e-05  2.71844660e-01  3.74370791e-05  1.00000000e+00 
 3.75370791e-05  2.71844660e-01  3.75370791e-05  1.00000000e+00 
 3.76370791e-05  2.71844660e-01  3.76370791e-05  1.00000000e+00 
 3.77370791e-05  2.71844660e-01  3.77370791e-05  1.00000000e+00 
 3.78370791e-05  2.71844660e-01  3.78370791e-05  1.00000000e+00 
 3.79370791e-05  2.71844660e-01  3.79370791e-05  1.00000000e+00 
 3.80370791e-05  2.71844660e-01  3.80370791e-05  1.00000000e+00 
 3.81370791e-05  2.71844660e-01  3.81370791e-05  1.00000000e+00 
 3.82370791e-05  2.71844660e-01  3.82370791e-05  1.00000000e+00 
 3.83370791e-05  2.71844660e-01  3.83370791e-05  1.00000000e+00 
 3.84370791e-05  2.71844660e-01  3.84370791e-05  1.00000000e+00 
 3.85370791e-05  2.71844660e-01  3.85370791e-05  1.00000000e+00 
 3.86370791e-05  2.71844660e-01  3.86370791e-05  1.00000000e+00 
 3.87370791e-05  2.71844660e-01  3.87370791e-05  1.00000000e+00 
 3.88370791e-05  2.71844660e-01  3.88370791e-05  1.00000000e+00 
 3.89370791e-05  2.71844660e-01  3.89370791e-05  1.00000000e+00 
 3.90370791e-05  2.71844660e-01  3.90370791e-05  1.00000000e+00 
 3.91370791e-05  2.71844660e-01  3.91370791e-05  1.00000000e+00 
 3.92370791e-05  2.71844660e-01  3.92370791e-05  1.00000000e+00 
 3.93370791e-05  2.71844660e-01  3.93370791e-05  1.00000000e+00 
 3.94370791e-05  2.71844660e-01  3.94370791e-05  1.00000000e+00 
 3.95370791e-05  2.71844660e-01  3.95370791e-05  1.00000000e+00 
 3.96370791e-05  2.71844660e-01  3.96370791e-05  1.00000000e+00 
 3.97370791e-05  2.71844660e-01  3.97370791e-05  1.00000000e+00 
 3.98370791e-05  2.71844660e-01  3.98370791e-05  1.00000000e+00 
 3.99370791e-05  2.71844660e-01  3.99370791e-05  1.00000000e+00 
 4.00370791e-05  2.71844660e-01  4.00370791e-05  1.00000000e+00 
 4.01370791e-05  2.71844660e-01  4.01370791e-05  1.00000000e+00 
 4.02370791e-05  2.71844660e-01  4.02370791e-05  1.00000000e+00 
 4.03370791e-05  2.71844660e-01  4.03370791e-05  1.00000000e+00 
 4.04370791e-05  2.71844660e-01  4.04370791e-05  1.00000000e+00 
 4.05370791e-05  2.71844660e-01  4.05370791e-05  1.00000000e+00 
 4.06370791e-05  2.71844660e-01  4.06370791e-05  1.00000000e+00 
 4.07370791e-05  2.71844660e-01  4.07370791e-05  1.00000000e+00 
 4.08370791e-05  2.71844660e-01  4.08370791e-05  1.00000000e+00 
 4.09370791e-05  2.71844660e-01  4.09370791e-05  1.00000000e+00 
 4.10370791e-05  2.71844660e-01  4.10370791e-05  1.00000000e+00 
 4.11370791e-05  2.71844660e-01  4.11370791e-05  1.00000000e+00 
 4.12370791e-05  2.71844660e-01  4.12370791e-05  1.00000000e+00 
 4.13370791e-05  2.71844660e-01  4.13370791e-05  1.00000000e+00 
 4.14370791e-05  2.71844660e-01  4.14370791e-05  1.00000000e+00 
 4.15370791e-05  2.71844660e-01  4.15370791e-05  1.00000000e+00 
 4.16370791e-05  2.71844660e-01  4.16370791e-05  1.00000000e+00 
 4.17370791e-05  2.71844660e-01  4.17370791e-05  1.00000000e+00 
 4.18370791e-05  2.71844660e-01  4.18370791e-05  1.00000000e+00 
 4.19370791e-05  2.71844660e-01  4.19370791e-05  1.00000000e+00 
 4.20370791e-05  2.71844660e-01  4.20370791e-05  1.00000000e+00 
 4.21370791e-05  2.71844660e-01  4.21370791e-05  1.00000000e+00 
 4.22370791e-05  2.71844660e-01  4.22370791e-05  1.00000000e+00 
 4.23370791e-05  2.71844660e-01  4.23370791e-05  1.00000000e+00 
 4.24370791e-05  2.71844660e-01  4.24370791e-05  1.00000000e+00 
 4.25370791e-05  2.71844660e-01  4.25370791e-05  1.00000000e+00 
 4.26370791e-05  2.71844660e-01  4.26370791e-05  1.00000000e+00 
 4.27370791e-05  2.71844660e-01  4.27370791e-05  1.00000000e+00 
 4.28370791e-05  2.71844660e-01  4.28370791e-05  1.00000000e+00 
 4.29370791e-05  2.71844660e-01  4.29370791e-05  1.00000000e+00 
 4.30370791e-05  2.71844660e-01  4.30370791e-05  1.00000000e+00 
 4.31370791e-05  2.71844660e-01  4.31370791e-05  1.00000000e+00 
 4.32370791e-05  2.71844660e-01  4.32370791e-05  1.00000000e+00 
 4.33370791e-05  2.71844660e-01  4.33370791e-05  1.00000000e+00 
 4.34370791e-05  2.71844660e-01  4.34370791e-05  1.00000000e+00 
 4.35370791e-05  2.71844660e-01  4.35370791e-05  1.00000000e+00 
 4.36370791e-05  2.71844660e-01  4.36370791e-05  1.00000000e+00 
 4.37370791e-05  2.71844660e-01  4.37370791e-05  1.00000000e+00 
 4.38370791e-05  2.71844660e-01  4.38370791e-05  1.00000000e+00 
 4.39370791e-05  2.71844660e-01  4.39370791e-05  1.00000000e+00 
 4.40370791e-05  2.71844660e-01  4.40370791e-05  1.00000000e+00 
 4.41370791e-05  2.71844660e-01  4.41370791e-05  1.00000000e+00 
 4.42370791e-05  2.71844660e-01  4.42370791e-05  1.00000000e+00 
 4.43370791e-05  2.71844660e-01  4.43370791e-05  1.00000000e+00 
 4.44370791e-05  2.71844660e-01  4.44370791e-05  1.00000000e+00 
 4.45370791e-05  2.71844660e-01  4.45370791e-05  1.00000000e+00 
 4.46370791e-05  2.71844660e-01  4.46370791e-05  1.00000000e+00 
 4.47370791e-05  2.71844660e-01  4.47370791e-05  1.00000000e+00 
 4.48370791e-05  2.71844660e-01  4.48370791e-05  1.00000000e+00 
 4.49370791e-05  2.71844660e-01  4.49370791e-05  1.00000000e+00 
 4.50370791e-05  2.71844660e-01  4.50370791e-05  1.00000000e+00 
 4.51370791e-05  2.71844660e-01  4.51370791e-05  1.00000000e+00 
 4.52370791e-05  2.71844660e-01  4.52370791e-05  1.00000000e+00 
 4.53370791e-05  2.71844660e-01  4.53370791e-05  1.00000000e+00 
 4.54370791e-05  2.71844660e-01  4.54370791e-05  1.00000000e+00 
 4.55370791e-05  2.71844660e-01  4.55370791e-05  1.00000000e+00 
 4.56370791e-05  2.71844660e-01  4.56370791e-05  1.00000000e+00 
 4.57370791e-05  2.71844660e-01  4.57370791e-05  1.00000000e+00 
 4.58370791e-05  2.71844660e-01  4.58370791e-05  1.00000000e+00 
 4.59370791e-05  2.71844660e-01  4.59370791e-05  1.00000000e+00 
 4.60370791e-05  2.71844660e-01  4.60370791e-05  1.00000000e+00 
 4.61370791e-05  2.71844660e-01  4.61370791e-05  1.00000000e+00 
 4.62370791e-05  2.71844660e-01  4.62370791e-05  1.00000000e+00 
 4.63370791e-05  2.71844660e-01  4.63370791e-05  1.00000000e+00 
 4.64370791e-05  2.71844660e-01  4.64370791e-05  1.00000000e+00 
 4.65370791e-05  2.71844660e-01  4.65370791e-05  1.00000000e+00 
 4.66370791e-05  2.71844660e-01  4.66370791e-05  1.00000000e+00 
 4.67370791e-05  2.71844660e-01  4.67370791e-05  1.00000000e+00 
 4.68370791e-05  2.71844660e-01  4.68370791e-05  1.00000000e+00 
 4.69370791e-05  2.71844660e-01  4.69370791e-05  1.00000000e+00 
 4.70370791e-05  2.71844660e-01  4.70370791e-05  1.00000000e+00 
 4.71370791e-05  2.71844660e-01  4.71370791e-05  1.00000000e+00 
 4.72370791e-05  2.71844660e-01  4.72370791e-05  1.00000000e+00 
 4.73370791e-05  2.71844660e-01  4.73370791e-05  1.00000000e+00 
 4.74370791e-05  2.71844660e-01  4.74370791e-05  1.00000000e+00 
 4.75370791e-05  2.71844660e-01  4.75370791e-05  1.00000000e+00 
 4.76370791e-05  2.71844660e-01  4.76370791e-05  1.00000000e+00 
 4.77370791e-05  2.71844660e-01  4.77370791e-05  1.00000000e+00 
 4.78370791e-05  2.71844660e-01  4.78370791e-05  1.00000000e+00 
 4.79370791e-05  2.71844660e-01  4.79370791e-05  1.00000000e+00 
 4.80370791e-05  2.71844660e-01  4.80370791e-05  1.00000000e+00 
 4.81370791e-05  2.71844660e-01  4.81370791e-05  1.00000000e+00 
 4.82370791e-05  2.71844660e-01  4.82370791e-05  1.00000000e+00 
 4.83370791e-05  2.71844660e-01  4.83370791e-05  1.00000000e+00 
 4.84370791e-05  2.71844660e-01  4.84370791e-05  1.00000000e+00 
 4.85370791e-05  2.71844660e-01  4.85370791e-05  1.00000000e+00 
 4.86370791e-05  2.71844660e-01  4.86370791e-05  1.00000000e+00 
 4.87370791e-05  2.71844660e-01  4.87370791e-05  1.00000000e+00 
 4.88370791e-05  2.71844660e-01  4.88370791e-05  1.00000000e+00 
 4.89370791e-05  2.71844660e-01  4.89370791e-05  1.00000000e+00 
 4.90370791e-05  2.71844660e-01  4.90370791e-05  1.00000000e+00 
 4.91370791e-05  2.71844660e-01  4.91370791e-05  1.00000000e+00 
 4.92370791e-05  2.71844660e-01  4.92370791e-05  1.00000000e+00 
 4.93370791e-05  2.71844660e-01  4.93370791e-05  1.00000000e+00 
 4.94370791e-05  2.71844660e-01  4.94370791e-05  1.00000000e+00 
 4.95370791e-05  2.71844660e-01  4.95370791e-05  1.00000000e+00 
 4.96370791e-05  2.71844660e-01  4.96370791e-05  1.00000000e+00 
 4.97370791e-05  2.71844660e-01  4.97370791e-05  1.00000000e+00 
 4.98370791e-05  2.71844660e-01  4.98370791e-05  1.00000000e+00 
 4.99370791e-05  2.71844660e-01  4.99370791e-05  1.00000000e+00 
 5.00370791e-05  2.71844660e-01  5.00370791e-05  1.00000000e+00 
 5.01370791e-05  2.71844660e-01  5.01370791e-05  1.00000000e+00 
 5.02370791e-05  2.71844660e-01  5.02370791e-05  1.00000000e+00 
 5.03370791e-05  2.71844660e-01  5.03370791e-05  1.00000000e+00 
 5.04370791e-05  2.71844660e-01  5.04370791e-05  1.00000000e+00 
 5.05370791e-05  2.71844660e-01  5.05370791e-05  1.00000000e+00 
 5.06370791e-05  2.71844660e-01  5.06370791e-05  1.00000000e+00 
 5.07370791e-05  2.71844660e-01  5.07370791e-05  1.00000000e+00 
 5.08370791e-05  2.71844660e-01  5.08370791e-05  1.00000000e+00 
 5.09370791e-05  2.71844660e-01  5.09370791e-05  1.00000000e+00 
 5.10010000e-05  2.71844660e-01  5.10010000e-05  1.00000000e+00 
 5.10011000e-05  2.42735487e-01  5.10011000e-05  9.00000000e-01 
 5.10013000e-05  1.84520182e-01  5.10013000e-05  7.00000000e-01 
 5.10017000e-05  6.81077776e-02  5.10017000e-05  3.00000000e-01 
 5.10020000e-05 -1.91856247e-02  5.10020000e-05  0.00000000e+00 
 5.10020053e-05 -1.91848187e-02  5.10020053e-05  0.00000000e+00 
 5.10020160e-05 -1.91832067e-02  5.10020160e-05  0.00000000e+00 
 5.10020372e-05 -1.91799831e-02  5.10020372e-05  0.00000000e+00 
 5.10020798e-05 -1.91735375e-02  5.10020798e-05  0.00000000e+00 
 5.10021648e-05 -1.91606528e-02  5.10021648e-05  0.00000000e+00 
 5.10023350e-05 -1.91349093e-02  5.10023350e-05  0.00000000e+00 
 5.10026752e-05 -1.90835261e-02  5.10026752e-05  0.00000000e+00 
 5.10033558e-05 -1.89811731e-02  5.10033558e-05  0.00000000e+00 
 5.10047169e-05 -1.87781095e-02  5.10047169e-05  0.00000000e+00 
 5.10074391e-05 -1.83784648e-02  5.10074391e-05  0.00000000e+00 
 5.10128835e-05 -1.76044232e-02  5.10128835e-05  0.00000000e+00 
 5.10237724e-05 -1.61521232e-02  5.10237724e-05  0.00000000e+00 
 5.10455501e-05 -1.35927130e-02  5.10455501e-05  0.00000000e+00 
 5.10891055e-05 -9.60124089e-03  5.10891055e-05  0.00000000e+00 
 5.11762164e-05 -4.68438417e-03  5.11762164e-05  0.00000000e+00 
 5.12762164e-05 -2.03105818e-03  5.12762164e-05  0.00000000e+00 
 5.13672538e-05 -9.56459611e-04  5.13672538e-05  0.00000000e+00 
 5.14672538e-05 -4.14702350e-04  5.14672538e-05  0.00000000e+00 
 5.15672538e-05 -1.79806901e-04  5.15672538e-05  0.00000000e+00 
 5.16672538e-05 -7.79607875e-05  5.16672538e-05  0.00000000e+00 
 5.17672538e-05 -3.38022864e-05  5.17672538e-05  0.00000000e+00 
 5.18672538e-05 -1.46560163e-05  5.18672538e-05  0.00000000e+00 
 5.19672538e-05 -6.35456460e-06  5.19672538e-05  0.00000000e+00 
 5.20672538e-05 -2.75521605e-06  5.20672538e-05  0.00000000e+00 
 5.21672538e-05 -1.19460828e-06  5.21672538e-05  0.00000000e+00 
 5.22672538e-05 -5.17958996e-07  5.22672538e-05  0.00000000e+00 
 5.23672538e-05 -2.24576982e-07  5.23672538e-05  0.00000000e+00 
 5.24672538e-05 -9.73722267e-08  5.24672538e-05  0.00000000e+00 
 5.25672538e-05 -4.22187103e-08  5.25672538e-05  0.00000000e+00 
 5.26672538e-05 -1.83052145e-08  5.26672538e-05  0.00000000e+00 
 5.27672538e-05 -7.93678623e-09  5.27672538e-05  0.00000000e+00 
 5.28672538e-05 -3.44123668e-09  5.28672538e-05  0.00000000e+00 
 5.29672538e-05 -1.49205353e-09  5.29672538e-05  0.00000000e+00 
 5.30672538e-05 -6.46925492e-10  5.30672538e-05  0.00000000e+00 
 5.31672538e-05 -2.80494355e-10  5.31672538e-05  0.00000000e+00 
 5.32672538e-05 -1.21616916e-10  5.32672538e-05  0.00000000e+00 
 5.33672538e-05 -5.27307376e-11  5.33672538e-05  0.00000000e+00 
 5.34672538e-05 -2.28630258e-11  5.34672538e-05  0.00000000e+00 
 5.35672538e-05 -9.91296487e-12  5.35672538e-05  0.00000000e+00 
 5.36672538e-05 -4.29806944e-12  5.36672538e-05  0.00000000e+00 
 5.37672538e-05 -1.86355961e-12  5.37672538e-05  0.00000000e+00 
 5.38672538e-05 -8.08003327e-13  5.38672538e-05  0.00000000e+00 
 5.39672538e-05 -3.50334582e-13  5.39672538e-05  0.00000000e+00 
 5.40672538e-05 -1.51898285e-13  5.40672538e-05  0.00000000e+00 
 5.41672538e-05 -6.58601522e-14  5.41672538e-05  0.00000000e+00 
 5.42672538e-05 -2.85556855e-14  5.42672538e-05  0.00000000e+00 
 5.43672538e-05 -1.23811918e-14  5.43672538e-05  0.00000000e+00 
 5.44672538e-05 -5.36824480e-15  5.44672538e-05  0.00000000e+00 
 5.45672538e-05 -2.32756690e-15  5.45672538e-05  0.00000000e+00 
 5.46672538e-05 -1.00918790e-15  5.46672538e-05  0.00000000e+00 
 5.47672538e-05 -4.37564312e-16  5.47672538e-05  0.00000000e+00 
 5.48672538e-05 -1.89719405e-16  5.48672538e-05  0.00000000e+00 
 5.49672538e-05 -8.22586570e-17  5.49672538e-05  0.00000000e+00 
 5.50672538e-05 -3.56657594e-17  5.50672538e-05  0.00000000e+00 
 5.51672538e-05 -1.54639820e-17  5.51672538e-05  0.00000000e+00 
 5.52672538e-05 -6.70488288e-18  5.52672538e-05  0.00000000e+00 
 5.53672538e-05 -2.90710727e-18  5.53672538e-05  0.00000000e+00 
 5.54672538e-05 -1.26046537e-18  5.54672538e-05  0.00000000e+00 
 5.55672538e-05 -5.46513353e-19  5.55672538e-05  0.00000000e+00 
 5.56672538e-05 -2.36957598e-19  5.56672538e-05  0.00000000e+00 
 5.57672538e-05 -1.02740222e-19  5.57672538e-05  0.00000000e+00 
 5.58672538e-05 -4.45461689e-20  5.58672538e-05  0.00000000e+00 
 5.59672538e-05 -1.93143555e-20  5.59672538e-05  0.00000000e+00 
 5.60672538e-05 -8.37433018e-21  5.60672538e-05  0.00000000e+00 
 5.61672538e-05 -3.63094726e-21  5.61672538e-05  0.00000000e+00 
 5.62672538e-05 -1.57430836e-21  5.62672538e-05  0.00000000e+00 
 5.63672538e-05 -6.82589592e-22  5.63672538e-05  0.00000000e+00 
 5.64672538e-05 -2.95957618e-22  5.64672538e-05  0.00000000e+00 
 5.65672538e-05 -1.28321487e-22  5.65672538e-05  0.00000000e+00 
 5.66672538e-05 -5.56377099e-23  5.66672538e-05  0.00000000e+00 
 5.67672538e-05 -2.41234326e-23  5.67672538e-05  0.00000000e+00 
 5.68672538e-05 -1.04594528e-23  5.68672538e-05  0.00000000e+00 
 5.69672538e-05 -4.53501595e-24  5.69672538e-05  0.00000000e+00 
 5.70672538e-05 -1.96629496e-24  5.70672538e-05  0.00000000e+00 
 5.71672538e-05 -8.52547251e-25  5.71672538e-05  0.00000000e+00 
 5.72672538e-05 -3.69648045e-25  5.72672538e-05  0.00000000e+00 
 5.73672538e-05 -1.60272380e-25  5.73672538e-05  0.00000000e+00 
 5.74672538e-05 -6.94910746e-26  5.74672538e-05  0.00000000e+00 
 5.75672538e-05 -3.01300453e-26  5.75672538e-05  0.00000000e+00 
 5.76672538e-05 -1.30637204e-26  5.76672538e-05  0.00000000e+00 
 5.77672538e-05 -5.66403149e-27  5.77672538e-05  0.00000000e+00 
 5.78672538e-05 -2.45572032e-27  5.78672538e-05  0.00000000e+00 
 5.79672538e-05 -1.06452543e-27  5.79672538e-05  0.00000000e+00 
 5.80672538e-05 -4.61507499e-28  5.80672538e-05  0.00000000e+00 
 5.81672538e-05 -1.99893911e-28  5.81672538e-05  0.00000000e+00 
 5.82672538e-05 -8.64631519e-29  5.82672538e-05  0.00000000e+00 
 5.83672538e-05 -3.75322364e-29  5.83672538e-05  0.00000000e+00 
 5.84672538e-05 -1.64029774e-29  5.84672538e-05  0.00000000e+00 
 5.85672538e-05 -6.95041414e-30  5.85672538e-05  0.00000000e+00 
 5.86672538e-05 -3.05818222e-30  5.86672538e-05  0.00000000e+00 
 5.87672538e-05 -1.39008283e-30  5.87672538e-05  0.00000000e+00 
 5.88672538e-05 -8.34049697e-31  5.88672538e-05  0.00000000e+00 
 5.89672538e-05 -8.34049697e-31  5.89672538e-05  0.00000000e+00 
 5.90672538e-05 -8.34049697e-31  5.90672538e-05  0.00000000e+00 
 5.91672538e-05 -8.34049697e-31  5.91672538e-05  0.00000000e+00 
 5.92672538e-05 -8.34049697e-31  5.92672538e-05  0.00000000e+00 
 5.93672538e-05 -8.34049697e-31  5.93672538e-05  0.00000000e+00 
 5.94672538e-05 -8.34049697e-31  5.94672538e-05  0.00000000e+00 
 5.95672538e-05 -8.34049697e-31  5.95672538e-05  0.00000000e+00 
 5.96672538e-05 -8.34049697e-31  5.96672538e-05  0.00000000e+00 
 5.97672538e-05 -8.34049697e-31  5.97672538e-05  0.00000000e+00 
 5.98672538e-05 -8.34049697e-31  5.98672538e-05  0.00000000e+00 
 5.99672538e-05 -8.34049697e-31  5.99672538e-05  0.00000000e+00 
 6.00672538e-05 -8.34049697e-31  6.00672538e-05  0.00000000e+00 
 6.01672538e-05 -8.34049697e-31  6.01672538e-05  0.00000000e+00 
 6.02672538e-05 -8.34049697e-31  6.02672538e-05  0.00000000e+00 
 6.03672538e-05 -8.34049697e-31  6.03672538e-05  0.00000000e+00 
 6.04672538e-05 -8.34049697e-31  6.04672538e-05  0.00000000e+00 
 6.05672538e-05 -8.34049697e-31  6.05672538e-05  0.00000000e+00 
 6.06672538e-05 -8.34049697e-31  6.06672538e-05  0.00000000e+00 
 6.07672538e-05 -8.34049697e-31  6.07672538e-05  0.00000000e+00 
 6.08672538e-05 -8.34049697e-31  6.08672538e-05  0.00000000e+00 
 6.09672538e-05 -8.34049697e-31  6.09672538e-05  0.00000000e+00 
 6.10672538e-05 -8.34049697e-31  6.10672538e-05  0.00000000e+00 
 6.11672538e-05 -8.34049697e-31  6.11672538e-05  0.00000000e+00 
 6.12672538e-05 -8.34049697e-31  6.12672538e-05  0.00000000e+00 
 6.13672538e-05 -8.34049697e-31  6.13672538e-05  0.00000000e+00 
 6.14672538e-05 -8.34049697e-31  6.14672538e-05  0.00000000e+00 
 6.15672538e-05 -8.34049697e-31  6.15672538e-05  0.00000000e+00 
 6.16672538e-05 -8.34049697e-31  6.16672538e-05  0.00000000e+00 
 6.17672538e-05 -8.34049697e-31  6.17672538e-05  0.00000000e+00 
 6.18672538e-05 -8.34049697e-31  6.18672538e-05  0.00000000e+00 
 6.19672538e-05 -8.34049697e-31  6.19672538e-05  0.00000000e+00 
 6.20672538e-05 -8.34049697e-31  6.20672538e-05  0.00000000e+00 
 6.21672538e-05 -8.34049697e-31  6.21672538e-05  0.00000000e+00 
 6.22672538e-05 -8.34049697e-31  6.22672538e-05  0.00000000e+00 
 6.23672538e-05 -8.34049697e-31  6.23672538e-05  0.00000000e+00 
 6.24672538e-05 -8.34049697e-31  6.24672538e-05  0.00000000e+00 
 6.25672538e-05 -8.34049697e-31  6.25672538e-05  0.00000000e+00 
 6.26672538e-05 -8.34049697e-31  6.26672538e-05  0.00000000e+00 
 6.27672538e-05 -8.34049697e-31  6.27672538e-05  0.00000000e+00 
 6.28672538e-05 -8.34049697e-31  6.28672538e-05  0.00000000e+00 
 6.29672538e-05 -8.34049697e-31  6.29672538e-05  0.00000000e+00 
 6.30672538e-05 -8.34049697e-31  6.30672538e-05  0.00000000e+00 
 6.31672538e-05 -8.34049697e-31  6.31672538e-05  0.00000000e+00 
 6.32672538e-05 -8.34049697e-31  6.32672538e-05  0.00000000e+00 
 6.33672538e-05 -8.34049697e-31  6.33672538e-05  0.00000000e+00 
 6.34672538e-05 -8.34049697e-31  6.34672538e-05  0.00000000e+00 
 6.35672538e-05 -8.34049697e-31  6.35672538e-05  0.00000000e+00 
 6.36672538e-05 -8.34049697e-31  6.36672538e-05  0.00000000e+00 
 6.37672538e-05 -8.34049697e-31  6.37672538e-05  0.00000000e+00 
 6.38672538e-05 -8.34049697e-31  6.38672538e-05  0.00000000e+00 
 6.39672538e-05 -8.34049697e-31  6.39672538e-05  0.00000000e+00 
 6.40672538e-05 -8.34049697e-31  6.40672538e-05  0.00000000e+00 
 6.41672538e-05 -8.34049697e-31  6.41672538e-05  0.00000000e+00 
 6.42672538e-05 -8.34049697e-31  6.42672538e-05  0.00000000e+00 
 6.43672538e-05 -8.34049697e-31  6.43672538e-05  0.00000000e+00 
 6.44672538e-05 -8.34049697e-31  6.44672538e-05  0.00000000e+00 
 6.45672538e-05 -8.34049697e-31  6.45672538e-05  0.00000000e+00 
 6.46672538e-05 -8.34049697e-31  6.46672538e-05  0.00000000e+00 
 6.47672538e-05 -8.34049697e-31  6.47672538e-05  0.00000000e+00 
 6.48672538e-05 -8.34049697e-31  6.48672538e-05  0.00000000e+00 
 6.49672538e-05 -8.34049697e-31  6.49672538e-05  0.00000000e+00 
 6.50672538e-05 -8.34049697e-31  6.50672538e-05  0.00000000e+00 
 6.51672538e-05 -8.34049697e-31  6.51672538e-05  0.00000000e+00 
 6.52672538e-05 -8.34049697e-31  6.52672538e-05  0.00000000e+00 
 6.53672538e-05 -8.34049697e-31  6.53672538e-05  0.00000000e+00 
 6.54672538e-05 -8.34049697e-31  6.54672538e-05  0.00000000e+00 
 6.55672538e-05 -8.34049697e-31  6.55672538e-05  0.00000000e+00 
 6.56672538e-05 -8.34049697e-31  6.56672538e-05  0.00000000e+00 
 6.57672538e-05 -8.34049697e-31  6.57672538e-05  0.00000000e+00 
 6.58672538e-05 -8.34049697e-31  6.58672538e-05  0.00000000e+00 
 6.59672538e-05 -8.34049697e-31  6.59672538e-05  0.00000000e+00 
 6.60672538e-05 -8.34049697e-31  6.60672538e-05  0.00000000e+00 
 6.61672538e-05 -8.34049697e-31  6.61672538e-05  0.00000000e+00 
 6.62672538e-05 -8.34049697e-31  6.62672538e-05  0.00000000e+00 
 6.63672538e-05 -8.34049697e-31  6.63672538e-05  0.00000000e+00 
 6.64672538e-05 -8.34049697e-31  6.64672538e-05  0.00000000e+00 
 6.65672538e-05 -8.34049697e-31  6.65672538e-05  0.00000000e+00 
 6.66672538e-05 -8.34049697e-31  6.66672538e-05  0.00000000e+00 
 6.67672538e-05 -8.34049697e-31  6.67672538e-05  0.00000000e+00 
 6.68672538e-05 -8.34049697e-31  6.68672538e-05  0.00000000e+00 
 6.69672538e-05 -8.34049697e-31  6.69672538e-05  0.00000000e+00 
 6.70672538e-05 -8.34049697e-31  6.70672538e-05  0.00000000e+00 
 6.71672538e-05 -8.34049697e-31  6.71672538e-05  0.00000000e+00 
 6.72672538e-05 -8.34049697e-31  6.72672538e-05  0.00000000e+00 
 6.73672538e-05 -8.34049697e-31  6.73672538e-05  0.00000000e+00 
 6.74672538e-05 -8.34049697e-31  6.74672538e-05  0.00000000e+00 
 6.75672538e-05 -8.34049697e-31  6.75672538e-05  0.00000000e+00 
 6.76672538e-05 -8.34049697e-31  6.76672538e-05  0.00000000e+00 
 6.77672538e-05 -8.34049697e-31  6.77672538e-05  0.00000000e+00 
 6.78672538e-05 -8.34049697e-31  6.78672538e-05  0.00000000e+00 
 6.79672538e-05 -8.34049697e-31  6.79672538e-05  0.00000000e+00 
 6.80672538e-05 -8.34049697e-31  6.80672538e-05  0.00000000e+00 
 6.81672538e-05 -8.34049697e-31  6.81672538e-05  0.00000000e+00 
 6.82672538e-05 -8.34049697e-31  6.82672538e-05  0.00000000e+00 
 6.83672538e-05 -8.34049697e-31  6.83672538e-05  0.00000000e+00 
 6.84672538e-05 -8.34049697e-31  6.84672538e-05  0.00000000e+00 
 6.85672538e-05 -8.34049697e-31  6.85672538e-05  0.00000000e+00 
 6.86672538e-05 -8.34049697e-31  6.86672538e-05  0.00000000e+00 
 6.87672538e-05 -8.34049697e-31  6.87672538e-05  0.00000000e+00 
 6.88672538e-05 -8.34049697e-31  6.88672538e-05  0.00000000e+00 
 6.89672538e-05 -8.34049697e-31  6.89672538e-05  0.00000000e+00 
 6.90672538e-05 -8.34049697e-31  6.90672538e-05  0.00000000e+00 
 6.91672538e-05 -8.34049697e-31  6.91672538e-05  0.00000000e+00 
 6.92672538e-05 -8.34049697e-31  6.92672538e-05  0.00000000e+00 
 6.93672538e-05 -8.34049697e-31  6.93672538e-05  0.00000000e+00 
 6.94672538e-05 -8.34049697e-31  6.94672538e-05  0.00000000e+00 
 6.95672538e-05 -8.34049697e-31  6.95672538e-05  0.00000000e+00 
 6.96672538e-05 -8.34049697e-31  6.96672538e-05  0.00000000e+00 
 6.97672538e-05 -8.34049697e-31  6.97672538e-05  0.00000000e+00 
 6.98672538e-05 -8.34049697e-31  6.98672538e-05  0.00000000e+00 
 6.99672538e-05 -8.34049697e-31  6.99672538e-05  0.00000000e+00 
 7.00672538e-05 -8.34049697e-31  7.00672538e-05  0.00000000e+00 
 7.01672538e-05 -8.34049697e-31  7.01672538e-05  0.00000000e+00 
 7.02672538e-05 -8.34049697e-31  7.02672538e-05  0.00000000e+00 
 7.03672538e-05 -8.34049697e-31  7.03672538e-05  0.00000000e+00 
 7.04672538e-05 -8.34049697e-31  7.04672538e-05  0.00000000e+00 
 7.05672538e-05 -8.34049697e-31  7.05672538e-05  0.00000000e+00 
 7.06672538e-05 -8.34049697e-31  7.06672538e-05  0.00000000e+00 
 7.07672538e-05 -8.34049697e-31  7.07672538e-05  0.00000000e+00 
 7.08672538e-05 -8.34049697e-31  7.08672538e-05  0.00000000e+00 
 7.09672538e-05 -8.34049697e-31  7.09672538e-05  0.00000000e+00 
 7.10672538e-05 -8.34049697e-31  7.10672538e-05  0.00000000e+00 
 7.11672538e-05 -8.34049697e-31  7.11672538e-05  0.00000000e+00 
 7.12672538e-05 -8.34049697e-31  7.12672538e-05  0.00000000e+00 
 7.13672538e-05 -8.34049697e-31  7.13672538e-05  0.00000000e+00 
 7.14672538e-05 -8.34049697e-31  7.14672538e-05  0.00000000e+00 
 7.15672538e-05 -8.34049697e-31  7.15672538e-05  0.00000000e+00 
 7.16672538e-05 -8.34049697e-31  7.16672538e-05  0.00000000e+00 
 7.17672538e-05 -8.34049697e-31  7.17672538e-05  0.00000000e+00 
 7.18672538e-05 -8.34049697e-31  7.18672538e-05  0.00000000e+00 
 7.19672538e-05 -8.34049697e-31  7.19672538e-05  0.00000000e+00 
 7.20672538e-05 -8.34049697e-31  7.20672538e-05  0.00000000e+00 
 7.21672538e-05 -8.34049697e-31  7.21672538e-05  0.00000000e+00 
 7.22672538e-05 -8.34049697e-31  7.22672538e-05  0.00000000e+00 
 7.23672538e-05 -8.34049697e-31  7.23672538e-05  0.00000000e+00 
 7.24672538e-05 -8.34049697e-31  7.24672538e-05  0.00000000e+00 
 7.25672538e-05 -8.34049697e-31  7.25672538e-05  0.00000000e+00 
 7.26672538e-05 -8.34049697e-31  7.26672538e-05  0.00000000e+00 
 7.27672538e-05 -8.34049697e-31  7.27672538e-05  0.00000000e+00 
 7.28672538e-05 -8.34049697e-31  7.28672538e-05  0.00000000e+00 
 7.29672538e-05 -8.34049697e-31  7.29672538e-05  0.00000000e+00 
 7.30672538e-05 -8.34049697e-31  7.30672538e-05  0.00000000e+00 
 7.31672538e-05 -8.34049697e-31  7.31672538e-05  0.00000000e+00 
 7.32672538e-05 -8.34049697e-31  7.32672538e-05  0.00000000e+00 
 7.33672538e-05 -8.34049697e-31  7.33672538e-05  0.00000000e+00 
 7.34672538e-05 -8.34049697e-31  7.34672538e-05  0.00000000e+00 
 7.35672538e-05 -8.34049697e-31  7.35672538e-05  0.00000000e+00 
 7.36672538e-05 -8.34049697e-31  7.36672538e-05  0.00000000e+00 
 7.37672538e-05 -8.34049697e-31  7.37672538e-05  0.00000000e+00 
 7.38672538e-05 -8.34049697e-31  7.38672538e-05  0.00000000e+00 
 7.39672538e-05 -8.34049697e-31  7.39672538e-05  0.00000000e+00 
 7.40672538e-05 -8.34049697e-31  7.40672538e-05  0.00000000e+00 
 7.41672538e-05 -8.34049697e-31  7.41672538e-05  0.00000000e+00 
 7.42672538e-05 -8.34049697e-31  7.42672538e-05  0.00000000e+00 
 7.43672538e-05 -8.34049697e-31  7.43672538e-05  0.00000000e+00 
 7.44672538e-05 -8.34049697e-31  7.44672538e-05  0.00000000e+00 
 7.45672538e-05 -8.34049697e-31  7.45672538e-05  0.00000000e+00 
 7.46672538e-05 -8.34049697e-31  7.46672538e-05  0.00000000e+00 
 7.47672538e-05 -8.34049697e-31  7.47672538e-05  0.00000000e+00 
 7.48672538e-05 -8.34049697e-31  7.48672538e-05  0.00000000e+00 
 7.49672538e-05 -8.34049697e-31  7.49672538e-05  0.00000000e+00 
 7.50672538e-05 -8.34049697e-31  7.50672538e-05  0.00000000e+00 
 7.51672538e-05 -8.34049697e-31  7.51672538e-05  0.00000000e+00 
 7.52672538e-05 -8.34049697e-31  7.52672538e-05  0.00000000e+00 
 7.53672538e-05 -8.34049697e-31  7.53672538e-05  0.00000000e+00 
 7.54672538e-05 -8.34049697e-31  7.54672538e-05  0.00000000e+00 
 7.55672538e-05 -8.34049697e-31  7.55672538e-05  0.00000000e+00 
 7.56672538e-05 -8.34049697e-31  7.56672538e-05  0.00000000e+00 
 7.57672538e-05 -8.34049697e-31  7.57672538e-05  0.00000000e+00 
 7.58672538e-05 -8.34049697e-31  7.58672538e-05  0.00000000e+00 
 7.59672538e-05 -8.34049697e-31  7.59672538e-05  0.00000000e+00 
 7.60672538e-05 -8.34049697e-31  7.60672538e-05  0.00000000e+00 
 7.61672538e-05 -8.34049697e-31  7.61672538e-05  0.00000000e+00 
 7.62672538e-05 -8.34049697e-31  7.62672538e-05  0.00000000e+00 
 7.63672538e-05 -8.34049697e-31  7.63672538e-05  0.00000000e+00 
 7.64672538e-05 -8.34049697e-31  7.64672538e-05  0.00000000e+00 
 7.65672538e-05 -8.34049697e-31  7.65672538e-05  0.00000000e+00 
 7.66672538e-05 -8.34049697e-31  7.66672538e-05  0.00000000e+00 
 7.67672538e-05 -8.34049697e-31  7.67672538e-05  0.00000000e+00 
 7.68672538e-05 -8.34049697e-31  7.68672538e-05  0.00000000e+00 
 7.69672538e-05 -8.34049697e-31  7.69672538e-05  0.00000000e+00 
 7.70672538e-05 -8.34049697e-31  7.70672538e-05  0.00000000e+00 
 7.71672538e-05 -8.34049697e-31  7.71672538e-05  0.00000000e+00 
 7.72672538e-05 -8.34049697e-31  7.72672538e-05  0.00000000e+00 
 7.73672538e-05 -8.34049697e-31  7.73672538e-05  0.00000000e+00 
 7.74672538e-05 -8.34049697e-31  7.74672538e-05  0.00000000e+00 
 7.75672538e-05 -8.34049697e-31  7.75672538e-05  0.00000000e+00 
 7.76672538e-05 -8.34049697e-31  7.76672538e-05  0.00000000e+00 
 7.77672538e-05 -8.34049697e-31  7.77672538e-05  0.00000000e+00 
 7.78672538e-05 -8.34049697e-31  7.78672538e-05  0.00000000e+00 
 7.79672538e-05 -8.34049697e-31  7.79672538e-05  0.00000000e+00 
 7.80672538e-05 -8.34049697e-31  7.80672538e-05  0.00000000e+00 
 7.81672538e-05 -8.34049697e-31  7.81672538e-05  0.00000000e+00 
 7.82672538e-05 -8.34049697e-31  7.82672538e-05  0.00000000e+00 
 7.83672538e-05 -8.34049697e-31  7.83672538e-05  0.00000000e+00 
 7.84672538e-05 -8.34049697e-31  7.84672538e-05  0.00000000e+00 
 7.85672538e-05 -8.34049697e-31  7.85672538e-05  0.00000000e+00 
 7.86672538e-05 -8.34049697e-31  7.86672538e-05  0.00000000e+00 
 7.87672538e-05 -8.34049697e-31  7.87672538e-05  0.00000000e+00 
 7.88672538e-05 -8.34049697e-31  7.88672538e-05  0.00000000e+00 
 7.89672538e-05 -8.34049697e-31  7.89672538e-05  0.00000000e+00 
 7.90672538e-05 -8.34049697e-31  7.90672538e-05  0.00000000e+00 
 7.91672538e-05 -8.34049697e-31  7.91672538e-05  0.00000000e+00 
 7.92672538e-05 -8.34049697e-31  7.92672538e-05  0.00000000e+00 
 7.93672538e-05 -8.34049697e-31  7.93672538e-05  0.00000000e+00 
 7.94672538e-05 -8.34049697e-31  7.94672538e-05  0.00000000e+00 
 7.95672538e-05 -8.34049697e-31  7.95672538e-05  0.00000000e+00 
 7.96672538e-05 -8.34049697e-31  7.96672538e-05  0.00000000e+00 
 7.97672538e-05 -8.34049697e-31  7.97672538e-05  0.00000000e+00 
 7.98672538e-05 -8.34049697e-31  7.98672538e-05  0.00000000e+00 
 7.99672538e-05 -8.34049697e-31  7.99672538e-05  0.00000000e+00 
 8.00000000e-05 -7.87220394e-31  8.00000000e-05  0.00000000e+00 
