 0.00000000e+00  0.00000000e+00  0.00000000e+00  0.00000000e+00 
 1.00000000e-09  0.00000000e+00  1.00000000e-09  0.00000000e+00 
 2.00000000e-09  0.00000000e+00  2.00000000e-09  0.00000000e+00 
 4.00000000e-09  0.00000000e+00  4.00000000e-09  0.00000000e+00 
 8.00000000e-09  0.00000000e+00  8.00000000e-09  0.00000000e+00 
 1.60000000e-08  0.00000000e+00  1.60000000e-08  0.00000000e+00 
 3.20000000e-08  0.00000000e+00  3.20000000e-08  0.00000000e+00 
 6.40000000e-08  0.00000000e+00  6.40000000e-08  0.00000000e+00 
 1.28000000e-07  0.00000000e+00  1.28000000e-07  0.00000000e+00 
 2.28000000e-07  0.00000000e+00  2.28000000e-07  0.00000000e+00 
 3.28000000e-07  0.00000000e+00  3.28000000e-07  0.00000000e+00 
 4.28000000e-07  0.00000000e+00  4.28000000e-07  0.00000000e+00 
 5.28000000e-07  0.00000000e+00  5.28000000e-07  0.00000000e+00 
 6.28000000e-07  0.00000000e+00  6.28000000e-07  0.00000000e+00 
 7.28000000e-07  0.00000000e+00  7.28000000e-07  0.00000000e+00 
 8.28000000e-07  0.00000000e+00  8.28000000e-07  0.00000000e+00 
 9.28000000e-07  0.00000000e+00  9.28000000e-07  0.00000000e+00 
 1.00000000e-06  0.00000000e+00  1.00000000e-06  0.00000000e+00 
 1.00010000e-06  2.71836633e-02  1.00010000e-06  1.00000000e-01 
 1.00030000e-06  8.15509912e-02  1.00030000e-06  3.00000000e-01 
 1.00070000e-06  1.90285655e-01  1.00070000e-06  7.00000000e-01 
 1.00100000e-06  2.71836659e-01  1.00100000e-06  1.00000000e+00 
 1.00106650e-06  2.71836664e-01  1.00106650e-06  1.00000000e+00 
 1.00119950e-06  2.71836672e-01  1.00119950e-06  1.00000000e+00 
 1.00146550e-06  2.71836690e-01  1.00146550e-06  1.00000000e+00 
 1.00199750e-06  2.71836724e-01  1.00199750e-06  1.00000000e+00 
 1.00306150e-06  2.71836792e-01  1.00306150e-06  1.00000000e+00 
 1.00518950e-06  2.71836927e-01  1.00518950e-06  1.00000000e+00 
 1.00944550e-06  2.71837190e-01  1.00944550e-06  1.00000000e+00 
 1.01795750e-06  2.71837688e-01  1.01795750e-06  1.00000000e+00 
 1.03498150e-06  2.71838590e-01  1.03498150e-06  1.00000000e+00 
 1.06902950e-06  2.71840064e-01  1.06902950e-06  1.00000000e+00 
 1.13712549e-06  2.71842054e-01  1.13712549e-06  1.00000000e+00 
 1.23712549e-06  2.71843559e-01  1.23712549e-06  1.00000000e+00 
 1.33712549e-06  2.71844195e-01  1.33712549e-06  1.00000000e+00 
 1.43712549e-06  2.71844463e-01  1.43712549e-06  1.00000000e+00 
 1.53712549e-06  2.71844577e-01  1.53712549e-06  1.00000000e+00 
 1.63712549e-06  2.71844625e-01  1.63712549e-06  1.00000000e+00 
 1.73712549e-06  2.71844645e-01  1.73712549e-06  1.00000000e+00 
 1.83712549e-06  2.71844654e-01  1.83712549e-06  1.00000000e+00 
 1.93712549e-06  2.71844658e-01  1.93712549e-06  1.00000000e+00 
 2.03712549e-06  2.71844659e-01  2.03712549e-06  1.00000000e+00 
 2.13712549e-06  2.71844660e-01  2.13712549e-06  1.00000000e+00 
 2.23712549e-06  2.71844660e-01  2.23712549e-06  1.00000000e+00 
 2.33712549e-06  2.71844660e-01  2.33712549e-06  1.00000000e+00 
 2.43712549e-06  2.71844660e-01  2.43712549e-06  1.00000000e+00 
 2.53712549e-06  2.71844660e-01  2.53712549e-06  1.00000000e+00 
 2.63712549e-06  2.71844660e-01  2.63712549e-06  1.00000000e+00 
 2.73712549e-06  2.71844660e-01  2.73712549e-06  1.00000000e+00 
 2.83712549e-06  2.71844660e-01  2.83712549e-06  1.00000000e+00 
 2.93712549e-06  2.71844660e-01  2.93712549e-06  1.00000000e+00 
 3.03712549e-06  2.71844660e-01  3.03712549e-06  1.00000000e+00 
 3.13712549e-06  2.71844660e-01  3.13712549e-06  1.00000000e+00 
 3.23712549e-06  2.71844660e-01  3.23712549e-06  1.00000000e+00 
 3.33712549e-06  2.71844660e-01  3.33712549e-06  1.00000000e+00 
 3.43712549e-06  2.71844660e-01  3.43712549e-06  1.00000000e+00 
 3.53712549e-06  2.71844660e-01  3.53712549e-06  1.00000000e+00 
 3.63712549e-06  2.71844660e-01  3.63712549e-06  1.00000000e+00 
 3.73712549e-06  2.71844660e-01  3.73712549e-06  1.00000000e+00 
 3.83712549e-06  2.71844660e-01  3.83712549e-06  1.00000000e+00 
 3.93712549e-06  2.71844660e-01  3.93712549e-06  1.00000000e+00 
 4.03712549e-06  2.71844660e-01  4.03712549e-06  1.00000000e+00 
 4.13712549e-06  2.71844660e-01  4.13712549e-06  1.00000000e+00 
 4.23712549e-06  2.71844660e-01  4.23712549e-06  1.00000000e+00 
 4.33712549e-06  2.71844660e-01  4.33712549e-06  1.00000000e+00 
 4.43712549e-06  2.71844660e-01  4.43712549e-06  1.00000000e+00 
 4.53712549e-06  2.71844660e-01  4.53712549e-06  1.00000000e+00 
 4.63712549e-06  2.71844660e-01  4.63712549e-06  1.00000000e+00 
 4.73712549e-06  2.71844660e-01  4.73712549e-06  1.00000000e+00 
 4.83712549e-06  2.71844660e-01  4.83712549e-06  1.00000000e+00 
 4.93712549e-06  2.71844660e-01  4.93712549e-06  1.00000000e+00 
 5.03712549e-06  2.71844660e-01  5.03712549e-06  1.00000000e+00 
 5.13712549e-06  2.71844660e-01  5.13712549e-06  1.00000000e+00 
 5.23712549e-06  2.71844660e-01  5.23712549e-06  1.00000000e+00 
 5.33712549e-06  2.71844660e-01  5.33712549e-06  1.00000000e+00 
 5.43712549e-06  2.71844660e-01  5.43712549e-06  1.00000000e+00 
 5.53712549e-06  2.71844660e-01  5.53712549e-06  1.00000000e+00 
 5.63712549e-06  2.71844660e-01  5.63712549e-06  1.00000000e+00 
 5.73712549e-06  2.71844660e-01  5.73712549e-06  1.00000000e+00 
 5.83712549e-06  2.71844660e-01  5.83712549e-06  1.00000000e+00 
 5.93712549e-06  2.71844660e-01  5.93712549e-06  1.00000000e+00 
 6.03712549e-06  2.71844660e-01  6.03712549e-06  1.00000000e+00 
 6.13712549e-06  2.71844660e-01  6.13712549e-06  1.00000000e+00 
 6.23712549e-06  2.71844660e-01  6.23712549e-06  1.00000000e+00 
 6.33712549e-06  2.71844660e-01  6.33712549e-06  1.00000000e+00 
 6.43712549e-06  2.71844660e-01  6.43712549e-06  1.00000000e+00 
 6.53712549e-06  2.71844660e-01  6.53712549e-06  1.00000000e+00 
 6.63712549e-06  2.71844660e-01  6.63712549e-06  1.00000000e+00 
 6.73712549e-06  2.71844660e-01  6.73712549e-06  1.00000000e+00 
 6.83712549e-06  2.71844660e-01  6.83712549e-06  1.00000000e+00 
 6.93712549e-06  2.71844660e-01  6.93712549e-06  1.00000000e+00 
 7.03712549e-06  2.71844660e-01  7.03712549e-06  1.00000000e+00 
 7.13712549e-06  2.71844660e-01  7.13712549e-06  1.00000000e+00 
 7.23712549e-06  2.71844660e-01  7.23712549e-06  1.00000000e+00 
 7.33712549e-06  2.71844660e-01  7.33712549e-06  1.00000000e+00 
 7.43712549e-06  2.71844660e-01  7.43712549e-06  1.00000000e+00 
 7.53712549e-06  2.71844660e-01  7.53712549e-06  1.00000000e+00 
 7.63712549e-06  2.71844660e-01  7.63712549e-06  1.00000000e+00 
 7.73712549e-06  2.71844660e-01  7.73712549e-06  1.00000000e+00 
 7.83712549e-06  2.71844660e-01  7.83712549e-06  1.00000000e+00 
 7.93712549e-06  2.71844660e-01  7.93712549e-06  1.00000000e+00 
 8.03712549e-06  2.71844660e-01  8.03712549e-06  1.00000000e+00 
 8.13712549e-06  2.71844660e-01  8.13712549e-06  1.00000000e+00 
 8.23712549e-06  2.71844660e-01  8.23712549e-06  1.00000000e+00 
 8.33712549e-06  2.71844660e-01  8.33712549e-06  1.00000000e+00 
 8.43712549e-06  2.71844660e-01  8.43712549e-06  1.00000000e+00 
 8.53712549e-06  2.71844660e-01  8.53712549e-06  1.00000000e+00 
 8.63712549e-06  2.71844660e-01  8.63712549e-06  1.00000000e+00 
 8.73712549e-06  2.71844660e-01  8.73712549e-06  1.00000000e+00 
 8.83712549e-06  2.71844660e-01  8.83712549e-06  1.00000000e+00 
 8.93712549e-06  2.71844660e-01  8.93712549e-06  1.00000000e+00 
 9.03712549e-06  2.71844660e-01  9.03712549e-06  1.00000000e+00 
 9.13712549e-06  2.71844660e-01  9.13712549e-06  1.00000000e+00 
 9.23712549e-06  2.71844660e-01  9.23712549e-06  1.00000000e+00 
 9.33712549e-06  2.71844660e-01  9.33712549e-06  1.00000000e+00 
 9.43712549e-06  2.71844660e-01  9.43712549e-06  1.00000000e+00 
 9.53712549e-06  2.71844660e-01  9.53712549e-06  1.00000000e+00 
 9.63712549e-06  2.71844660e-01  9.63712549e-06  1.00000000e+00 
 9.73712549e-06  2.71844660e-01  9.73712549e-06  1.00000000e+00 
 9.83712549e-06  2.71844660e-01  9.83712549e-06  1.00000000e+00 
 9.93712549e-06  2.71844660e-01  9.93712549e-06  1.00000000e+00 
 1.00371255e-05  2.71844660e-01  1.00371255e-05  1.00000000e+00 
 1.01371255e-05  2.71844660e-01  1.01371255e-05  1.00000000e+00 
 1.02371255e-05  2.71844660e-01  1.02371255e-05  1.00000000e+00 
 1.03371255e-05  2.71844660e-01  1.03371255e-05  1.00000000e+00 
 1.04371255e-05  2.71844660e-01  1.04371255e-05  1.00000000e+00 
 1.05371255e-05  2.71844660e-01  1.05371255e-05  1.00000000e+00 
 1.06371255e-05  2.71844660e-01  1.06371255e-05  1.00000000e+00 
 1.07371255e-05  2.71844660e-01  1.07371255e-05  1.00000000e+00 
 1.08371255e-05  2.71844660e-01  1.08371255e-05  1.00000000e+00 
 1.09371255e-05  2.71844660e-01  1.09371255e-05  1.00000000e+00 
 1.10371255e-05  2.71844660e-01  1.10371255e-05  1.00000000e+00 
 1.11371255e-05  2.71844660e-01  1.11371255e-05  1.00000000e+00 
 1.12371255e-05  2.71844660e-01  1.12371255e-05  1.00000000e+00 
 1.13371255e-05  2.71844660e-01  1.13371255e-05  1.00000000e+00 
 1.14371255e-05  2.71844660e-01  1.14371255e-05  1.00000000e+00 
 1.15371255e-05  2.71844660e-01  1.15371255e-05  1.00000000e+00 
 1.16371255e-05  2.71844660e-01  1.16371255e-05  1.00000000e+00 
 1.17371255e-05  2.71844660e-01  1.17371255e-05  1.00000000e+00 
 1.18371255e-05  2.71844660e-01  1.18371255e-05  1.00000000e+00 
 1.19371255e-05  2.71844660e-01  1.19371255e-05  1.00000000e+00 
 1.20371255e-05  2.71844660e-01  1.20371255e-05  1.00000000e+00 
 1.21371255e-05  2.71844660e-01  1.21371255e-05  1.00000000e+00 
 1.22371255e-05  2.71844660e-01  1.22371255e-05  1.00000000e+00 
 1.23371255e-05  2.71844660e-01  1.23371255e-05  1.00000000e+00 
 1.24371255e-05  2.71844660e-01  1.24371255e-05  1.00000000e+00 
 1.25371255e-05  2.71844660e-01  1.25371255e-05  1.00000000e+00 
 1.26371255e-05  2.71844660e-01  1.26371255e-05  1.00000000e+00 
 1.27371255e-05  2.71844660e-01  1.27371255e-05  1.00000000e+00 
 1.28371255e-05  2.71844660e-01  1.28371255e-05  1.00000000e+00 
 1.29371255e-05  2.71844660e-01  1.29371255e-05  1.00000000e+00 
 1.30371255e-05  2.71844660e-01  1.30371255e-05  1.00000000e+00 
 1.31371255e-05  2.71844660e-01  1.31371255e-05  1.00000000e+00 
 1.32371255e-05  2.71844660e-01  1.32371255e-05  1.00000000e+00 
 1.33371255e-05  2.71844660e-01  1.33371255e-05  1.00000000e+00 
 1.34371255e-05  2.71844660e-01  1.34371255e-05  1.00000000e+00 
 1.35371255e-05  2.71844660e-01  1.35371255e-05  1.00000000e+00 
 1.36371255e-05  2.71844660e-01  1.36371255e-05  1.00000000e+00 
 1.37371255e-05  2.71844660e-01  1.37371255e-05  1.00000000e+00 
 1.38371255e-05  2.71844660e-01  1.38371255e-05  1.00000000e+00 
 1.39371255e-05  2.71844660e-01  1.39371255e-05  1.00000000e+00 
 1.40371255e-05  2.71844660e-01  1.40371255e-05  1.00000000e+00 
 1.41371255e-05  2.71844660e-01  1.41371255e-05  1.00000000e+00 
 1.42371255e-05  2.71844660e-01  1.42371255e-05  1.00000000e+00 
 1.43371255e-05  2.71844660e-01  1.43371255e-05  1.00000000e+00 
 1.44371255e-05  2.71844660e-01  1.44371255e-05  1.00000000e+00 
 1.45371255e-05  2.71844660e-01  1.45371255e-05  1.00000000e+00 
 1.46371255e-05  2.71844660e-01  1.46371255e-05  1.00000000e+00 
 1.47371255e-05  2.71844660e-01  1.47371255e-05  1.00000000e+00 
 1.48371255e-05  2.71844660e-01  1.48371255e-05  1.00000000e+00 
 1.49371255e-05  2.71844660e-01  1.49371255e-05  1.00000000e+00 
 1.50371255e-05  2.71844660e-01  1.50371255e-05  1.00000000e+00 
 1.51371255e-05  2.71844660e-01  1.51371255e-05  1.00000000e+00 
 1.52371255e-05  2.71844660e-01  1.52371255e-05  1.00000000e+00 
 1.53371255e-05  2.71844660e-01  1.53371255e-05  1.00000000e+00 
 1.54371255e-05  2.71844660e-01  1.54371255e-05  1.00000000e+00 
 1.55371255e-05  2.71844660e-01  1.55371255e-05  1.00000000e+00 
 1.56371255e-05  2.71844660e-01  1.56371255e-05  1.00000000e+00 
 1.57371255e-05  2.71844660e-01  1.57371255e-05  1.00000000e+00 
 1.58371255e-05  2.71844660e-01  1.58371255e-05  1.00000000e+00 
 1.59371255e-05  2.71844660e-01  1.59371255e-05  1.00000000e+00 
 1.60371255e-05  2.71844660e-01  1.60371255e-05  1.00000000e+00 
 1.61371255e-05  2.71844660e-01  1.61371255e-05  1.00000000e+00 
 1.62371255e-05  2.71844660e-01  1.62371255e-05  1.00000000e+00 
 1.63371255e-05  2.71844660e-01  1.63371255e-05  1.00000000e+00 
 1.64371255e-05  2.71844660e-01  1.64371255e-05  1.00000000e+00 
 1.65371255e-05  2.71844660e-01  1.65371255e-05  1.00000000e+00 
 1.66371255e-05  2.71844660e-01  1.66371255e-05  1.00000000e+00 
 1.67371255e-05  2.71844660e-01  1.67371255e-05  1.00000000e+00 
 1.68371255e-05  2.71844660e-01  1.68371255e-05  1.00000000e+00 
 1.69371255e-05  2.71844660e-01  1.69371255e-05  1.00000000e+00 
 1.70371255e-05  2.71844660e-01  1.70371255e-05  1.00000000e+00 
 1.71371255e-05  2.71844660e-01  1.71371255e-05  1.00000000e+00 
 1.72371255e-05  2.71844660e-01  1.72371255e-05  1.00000000e+00 
 1.73371255e-05  2.71844660e-01  1.73371255e-05  1.00000000e+00 
 1.74371255e-05  2.71844660e-01  1.74371255e-05  1.00000000e+00 
 1.75371255e-05  2.71844660e-01  1.75371255e-05  1.00000000e+00 
 1.76371255e-05  2.71844660e-01  1.76371255e-05  1.00000000e+00 
 1.77371255e-05  2.71844660e-01  1.77371255e-05  1.00000000e+00 
 1.78371255e-05  2.71844660e-01  1.78371255e-05  1.00000000e+00 
 1.79371255e-05  2.71844660e-01  1.79371255e-05  1.00000000e+00 
 1.80371255e-05  2.71844660e-01  1.80371255e-05  1.00000000e+00 
 1.81371255e-05  2.71844660e-01  1.81371255e-05  1.00000000e+00 
 1.82371255e-05  2.71844660e-01  1.82371255e-05  1.00000000e+00 
 1.83371255e-05  2.71844660e-01  1.83371255e-05  1.00000000e+00 
 1.84371255e-05  2.71844660e-01  1.84371255e-05  1.00000000e+00 
 1.85371255e-05  2.71844660e-01  1.85371255e-05  1.00000000e+00 
 1.86371255e-05  2.71844660e-01  1.86371255e-05  1.00000000e+00 
 1.87371255e-05  2.71844660e-01  1.87371255e-05  1.00000000e+00 
 1.88371255e-05  2.71844660e-01  1.88371255e-05  1.00000000e+00 
 1.89371255e-05  2.71844660e-01  1.89371255e-05  1.00000000e+00 
 1.90371255e-05  2.71844660e-01  1.90371255e-05  1.00000000e+00 
 1.91371255e-05  2.71844660e-01  1.91371255e-05  1.00000000e+00 
 1.92371255e-05  2.71844660e-01  1.92371255e-05  1.00000000e+00 
 1.93371255e-05  2.71844660e-01  1.93371255e-05  1.00000000e+00 
 1.94371255e-05  2.71844660e-01  1.94371255e-05  1.00000000e+00 
 1.95371255e-05  2.71844660e-01  1.95371255e-05  1.00000000e+00 
 1.96371255e-05  2.71844660e-01  1.96371255e-05  1.00000000e+00 
 1.97371255e-05  2.71844660e-01  1.97371255e-05  1.00000000e+00 
 1.98371255e-05  2.71844660e-01  1.98371255e-05  1.00000000e+00 
 1.99371255e-05  2.71844660e-01  1.99371255e-05  1.00000000e+00 
 2.00371255e-05  2.71844660e-01  2.00371255e-05  1.00000000e+00 
 2.01371255e-05  2.71844660e-01  2.01371255e-05  1.00000000e+00 
 2.02371255e-05  2.71844660e-01  2.02371255e-05  1.00000000e+00 
 2.03371255e-05  2.71844660e-01  2.03371255e-05  1.00000000e+00 
 2.04371255e-05  2.71844660e-01  2.04371255e-05  1.00000000e+00 
 2.05371255e-05  2.71844660e-01  2.05371255e-05  1.00000000e+00 
 2.06371255e-05  2.71844660e-01  2.06371255e-05  1.00000000e+00 
 2.07371255e-05  2.71844660e-01  2.07371255e-05  1.00000000e+00 
 2.08371255e-05  2.71844660e-01  2.08371255e-05  1.00000000e+00 
 2.09371255e-05  2.71844660e-01  2.09371255e-05  1.00000000e+00 
 2.10371255e-05  2.71844660e-01  2.10371255e-05  1.00000000e+00 
 2.11371255e-05  2.71844660e-01  2.11371255e-05  1.00000000e+00 
 2.12371255e-05  2.71844660e-01  2.12371255e-05  1.00000000e+00 
 2.13371255e-05  2.71844660e-01  2.13371255e-05  1.00000000e+00 
 2.14371255e-05  2.71844660e-01  2.14371255e-05  1.00000000e+00 
 2.15371255e-05  2.71844660e-01  2.15371255e-05  1.00000000e+00 
 2.16371255e-05  2.71844660e-01  2.16371255e-05  1.00000000e+00 
 2.17371255e-05  2.71844660e-01  2.17371255e-05  1.00000000e+00 
 2.18371255e-05  2.71844660e-01  2.18371255e-05  1.00000000e+00 
 2.19371255e-05  2.71844660e-01  2.19371255e-05  1.00000000e+00 
 2.20371255e-05  2.71844660e-01  2.20371255e-05  1.00000000e+00 
 2.21371255e-05  2.71844660e-01  2.21371255e-05  1.00000000e+00 
 2.22371255e-05  2.71844660e-01  2.22371255e-05  1.00000000e+00 
 2.23371255e-05  2.71844660e-01  2.23371255e-05  1.00000000e+00 
 2.24371255e-05  2.71844660e-01  2.24371255e-05  1.00000000e+00 
 2.25371255e-05  2.71844660e-01  2.25371255e-05  1.00000000e+00 
 2.26371255e-05  2.71844660e-01  2.26371255e-05  1.00000000e+00 
 2.27371255e-05  2.71844660e-01  2.27371255e-05  1.00000000e+00 
 2.28371255e-05  2.71844660e-01  2.28371255e-05  1.00000000e+00 
 2.29371255e-05  2.71844660e-01  2.29371255e-05  1.00000000e+00 
 2.30371255e-05  2.71844660e-01  2.30371255e-05  1.00000000e+00 
 2.31371255e-05  2.71844660e-01  2.31371255e-05  1.00000000e+00 
 2.32371255e-05  2.71844660e-01  2.32371255e-05  1.00000000e+00 
 2.33371255e-05  2.71844660e-01  2.33371255e-05  1.00000000e+00 
 2.34371255e-05  2.71844660e-01  2.34371255e-05  1.00000000e+00 
 2.35371255e-05  2.71844660e-01  2.35371255e-05  1.00000000e+00 
 2.36371255e-05  2.71844660e-01  2.36371255e-05  1.00000000e+00 
 2.37371255e-05  2.71844660e-01  2.37371255e-05  1.00000000e+00 
 2.38371255e-05  2.71844660e-01  2.38371255e-05  1.00000000e+00 
 2.39371255e-05  2.71844660e-01  2.39371255e-05  1.00000000e+00 
 2.40371255e-05  2.71844660e-01  2.40371255e-05  1.00000000e+00 
 2.41371255e-05  2.71844660e-01  2.41371255e-05  1.00000000e+00 
 2.42371255e-05  2.71844660e-01  2.42371255e-05  1.00000000e+00 
 2.43371255e-05  2.71844660e-01  2.43371255e-05  1.00000000e+00 
 2.44371255e-05  2.71844660e-01  2.44371255e-05  1.00000000e+00 
 2.45371255e-05  2.71844660e-01  2.45371255e-05  1.00000000e+00 
 2.46371255e-05  2.71844660e-01  2.46371255e-05  1.00000000e+00 
 2.47371255e-05  2.71844660e-01  2.47371255e-05  1.00000000e+00 
 2.48371255e-05  2.71844660e-01  2.48371255e-05  1.00000000e+00 
 2.49371255e-05  2.71844660e-01  2.49371255e-05  1.00000000e+00 
 2.50371255e-05  2.71844660e-01  2.50371255e-05  1.00000000e+00 
 2.51371255e-05  2.71844660e-01  2.51371255e-05  1.00000000e+00 
 2.52371255e-05  2.71844660e-01  2.52371255e-05  1.00000000e+00 
 2.53371255e-05  2.71844660e-01  2.53371255e-05  1.00000000e+00 
 2.54371255e-05  2.71844660e-01  2.54371255e-05  1.00000000e+00 
 2.55371255e-05  2.71844660e-01  2.55371255e-05  1.00000000e+00 
 2.56371255e-05  2.71844660e-01  2.56371255e-05  1.00000000e+00 
 2.57371255e-05  2.71844660e-01  2.57371255e-05  1.00000000e+00 
 2.58371255e-05  2.71844660e-01  2.58371255e-05  1.00000000e+00 
 2.59371255e-05  2.71844660e-01  2.59371255e-05  1.00000000e+00 
 2.60371255e-05  2.71844660e-01  2.60371255e-05  1.00000000e+00 
 2.61371255e-05  2.71844660e-01  2.61371255e-05  1.00000000e+00 
 2.62371255e-05  2.71844660e-01  2.62371255e-05  1.00000000e+00 
 2.63371255e-05  2.71844660e-01  2.63371255e-05  1.00000000e+00 
 2.64371255e-05  2.71844660e-01  2.64371255e-05  1.00000000e+00 
 2.65371255e-05  2.71844660e-01  2.65371255e-05  1.00000000e+00 
 2.66371255e-05  2.71844660e-01  2.66371255e-05  1.00000000e+00 
 2.67371255e-05  2.71844660e-01  2.67371255e-05  1.00000000e+00 
 2.68371255e-05  2.71844660e-01  2.68371255e-05  1.00000000e+00 
 2.69371255e-05  2.71844660e-01  2.69371255e-05  1.00000000e+00 
 2.70371255e-05  2.71844660e-01  2.70371255e-05  1.00000000e+00 
 2.71371255e-05  2.71844660e-01  2.71371255e-05  1.00000000e+00 
 2.72371255e-05  2.71844660e-01  2.72371255e-05  1.00000000e+00 
 2.73371255e-05  2.71844660e-01  2.73371255e-05  1.00000000e+00 
 2.74371255e-05  2.71844660e-01  2.74371255e-05  1.00000000e+00 
 2.75371255e-05  2.71844660e-01  2.75371255e-05  1.00000000e+00 
 2.76371255e-05  2.71844660e-01  2.76371255e-05  1.00000000e+00 
 2.77371255e-05  2.71844660e-01  2.77371255e-05  1.00000000e+00 
 2.78371255e-05  2.71844660e-01  2.78371255e-05  1.00000000e+00 
 2.79371255e-05  2.71844660e-01  2.79371255e-05  1.00000000e+00 
 2.80371255e-05  2.71844660e-01  2.80371255e-05  1.00000000e+00 
 2.81371255e-05  2.71844660e-01  2.81371255e-05  1.00000000e+00 
 2.82371255e-05  2.71844660e-01  2.82371255e-05  1.00000000e+00 
 2.83371255e-05  2.71844660e-01  2.83371255e-05  1.00000000e+00 
 2.84371255e-05  2.71844660e-01  2.84371255e-05  1.00000000e+00 
 2.85371255e-05  2.71844660e-01  2.85371255e-05  1.00000000e+00 
 2.86371255e-05  2.71844660e-01  2.86371255e-05  1.00000000e+00 
 2.87371255e-05  2.71844660e-01  2.87371255e-05  1.00000000e+00 
 2.88371255e-05  2.71844660e-01  2.88371255e-05  1.00000000e+00 
 2.89371255e-05  2.71844660e-01  2.89371255e-05  1.00000000e+00 
 2.90371255e-05  2.71844660e-01  2.90371255e-05  1.00000000e+00 
 2.91371255e-05  2.71844660e-01  2.91371255e-05  1.00000000e+00 
 2.92371255e-05  2.71844660e-01  2.92371255e-05  1.00000000e+00 
 2.93371255e-05  2.71844660e-01  2.93371255e-05  1.00000000e+00 
 2.94371255e-05  2.71844660e-01  2.94371255e-05  1.00000000e+00 
 2.95371255e-05  2.71844660e-01  2.95371255e-05  1.00000000e+00 
 2.96371255e-05  2.71844660e-01  2.96371255e-05  1.00000000e+00 
 2.97371255e-05  2.71844660e-01  2.97371255e-05  1.00000000e+00 
 2.98371255e-05  2.71844660e-01  2.98371255e-05  1.00000000e+00 
 2.99371255e-05  2.71844660e-01  2.99371255e-05  1.00000000e+00 
 3.00371255e-05  2.71844660e-01  3.00371255e-05  1.00000000e+00 
 3.01371255e-05  2.71844660e-01  3.01371255e-05  1.00000000e+00 
 3.02371255e-05  2.71844660e-01  3.02371255e-05  1.00000000e+00 
 3.03371255e-05  2.71844660e-01  3.03371255e-05  1.00000000e+00 
 3.04371255e-05  2.71844660e-01  3.04371255e-05  1.00000000e+00 
 3.05371255e-05  2.71844660e-01  3.05371255e-05  1.00000000e+00 
 3.06371255e-05  2.71844660e-01  3.06371255e-05  1.00000000e+00 
 3.07371255e-05  2.71844660e-01  3.07371255e-05  1.00000000e+00 
 3.08371255e-05  2.71844660e-01  3.08371255e-05  1.00000000e+00 
 3.09371255e-05  2.71844660e-01  3.09371255e-05  1.00000000e+00 
 3.10371255e-05  2.71844660e-01  3.10371255e-05  1.00000000e+00 
 3.11371255e-05  2.71844660e-01  3.11371255e-05  1.00000000e+00 
 3.12371255e-05  2.71844660e-01  3.12371255e-05  1.00000000e+00 
 3.13371255e-05  2.71844660e-01  3.13371255e-05  1.00000000e+00 
 3.14371255e-05  2.71844660e-01  3.14371255e-05  1.00000000e+00 
 3.15371255e-05  2.71844660e-01  3.15371255e-05  1.00000000e+00 
 3.16371255e-05  2.71844660e-01  3.16371255e-05  1.00000000e+00 
 3.17371255e-05  2.71844660e-01  3.17371255e-05  1.00000000e+00 
 3.18371255e-05  2.71844660e-01  3.18371255e-05  1.00000000e+00 
 3.19371255e-05  2.71844660e-01  3.19371255e-05  1.00000000e+00 
 3.20371255e-05  2.71844660e-01  3.20371255e-05  1.00000000e+00 
 3.21371255e-05  2.71844660e-01  3.21371255e-05  1.00000000e+00 
 3.22371255e-05  2.71844660e-01  3.22371255e-05  1.00000000e+00 
 3.23371255e-05  2.71844660e-01  3.23371255e-05  1.00000000e+00 
 3.24371255e-05  2.71844660e-01  3.24371255e-05  1.00000000e+00 
 3.25371255e-05  2.71844660e-01  3.25371255e-05  1.00000000e+00 
 3.26371255e-05  2.71844660e-01  3.26371255e-05  1.00000000e+00 
 3.27371255e-05  2.71844660e-01  3.27371255e-05  1.00000000e+00 
 3.28371255e-05  2.71844660e-01  3.28371255e-05  1.00000000e+00 
 3.29371255e-05  2.71844660e-01  3.29371255e-05  1.00000000e+00 
 3.30371255e-05  2.71844660e-01  3.30371255e-05  1.00000000e+00 
 3.31371255e-05  2.71844660e-01  3.31371255e-05  1.00000000e+00 
 3.32371255e-05  2.71844660e-01  3.32371255e-05  1.00000000e+00 
 3.33371255e-05  2.71844660e-01  3.33371255e-05  1.00000000e+00 
 3.34371255e-05  2.71844660e-01  3.34371255e-05  1.00000000e+00 
 3.35371255e-05  2.71844660e-01  3.35371255e-05  1.00000000e+00 
 3.36371255e-05  2.71844660e-01  3.36371255e-05  1.00000000e+00 
 3.37371255e-05  2.71844660e-01  3.37371255e-05  1.00000000e+00 
 3.38371255e-05  2.71844660e-01  3.38371255e-05  1.00000000e+00 
 3.39371255e-05  2.71844660e-01  3.39371255e-05  1.00000000e+00 
 3.40371255e-05  2.71844660e-01  3.40371255e-05  1.00000000e+00 
 3.41371255e-05  2.71844660e-01  3.41371255e-05  1.00000000e+00 
 3.42371255e-05  2.71844660e-01  3.42371255e-05  1.00000000e+00 
 3.43371255e-05  2.71844660e-01  3.43371255e-05  1.00000000e+00 
 3.44371255e-05  2.71844660e-01  3.44371255e-05  1.00000000e+00 
 3.45371255e-05  2.71844660e-01  3.45371255e-05  1.00000000e+00 
 3.46371255e-05  2.71844660e-01  3.46371255e-05  1.00000000e+00 
 3.47371255e-05  2.71844660e-01  3.47371255e-05  1.00000000e+00 
 3.48371255e-05  2.71844660e-01  3.48371255e-05  1.00000000e+00 
 3.49371255e-05  2.71844660e-01  3.49371255e-05  1.00000000e+00 
 3.50371255e-05  2.71844660e-01  3.50371255e-05  1.00000000e+00 
 3.51371255e-05  2.71844660e-01  3.51371255e-05  1.00000000e+00 
 3.52371255e-05  2.71844660e-01  3.52371255e-05  1.00000000e+00 
 3.53371255e-05  2.71844660e-01  3.53371255e-05  1.00000000e+00 
 3.54371255e-05  2.71844660e-01  3.54371255e-05  1.00000000e+00 
 3.55371255e-05  2.71844660e-01  3.55371255e-05  1.00000000e+00 
 3.56371255e-05  2.71844660e-01  3.56371255e-05  1.00000000e+00 
 3.57371255e-05  2.71844660e-01  3.57371255e-05  1.00000000e+00 
 3.58371255e-05  2.71844660e-01  3.58371255e-05  1.00000000e+00 
 3.59371255e-05  2.71844660e-01  3.59371255e-05  1.00000000e+00 
 3.60371255e-05  2.71844660e-01  3.60371255e-05  1.00000000e+00 
 3.61371255e-05  2.71844660e-01  3.61371255e-05  1.00000000e+00 
 3.62371255e-05  2.71844660e-01  3.62371255e-05  1.00000000e+00 
 3.63371255e-05  2.71844660e-01  3.63371255e-05  1.00000000e+00 
 3.64371255e-05  2.71844660e-01  3.64371255e-05  1.00000000e+00 
 3.65371255e-05  2.71844660e-01  3.65371255e-05  1.00000000e+00 
 3.66371255e-05  2.71844660e-01  3.66371255e-05  1.00000000e+00 
 3.67371255e-05  2.71844660e-01  3.67371255e-05  1.00000000e+00 
 3.68371255e-05  2.71844660e-01  3.68371255e-05  1.00000000e+00 
 3.69371255e-05  2.71844660e-01  3.69371255e-05  1.00000000e+00 
 3.70371255e-05  2.71844660e-01  3.70371255e-05  1.00000000e+00 
 3.71371255e-05  2.71844660e-01  3.71371255e-05  1.00000000e+00 
 3.72371255e-05  2.71844660e-01  3.72371255e-05  1.00000000e+00 
 3.73371255e-05  2.71844660e-01  3.73371255e-05  1.00000000e+00 
 3.74371255e-05  2.71844660e-01  3.74371255e-05  1.00000000e+00 
 3.75371255e-05  2.71844660e-01  3.75371255e-05  1.00000000e+00 
 3.76371255e-05  2.71844660e-01  3.76371255e-05  1.00000000e+00 
 3.77371255e-05  2.71844660e-01  3.77371255e-05  1.00000000e+00 
 3.78371255e-05  2.71844660e-01  3.78371255e-05  1.00000000e+00 
 3.79371255e-05  2.71844660e-01  3.79371255e-05  1.00000000e+00 
 3.80371255e-05  2.71844660e-01  3.80371255e-05  1.00000000e+00 
 3.81371255e-05  2.71844660e-01  3.81371255e-05  1.00000000e+00 
 3.82371255e-05  2.71844660e-01  3.82371255e-05  1.00000000e+00 
 3.83371255e-05  2.71844660e-01  3.83371255e-05  1.00000000e+00 
 3.84371255e-05  2.71844660e-01  3.84371255e-05  1.00000000e+00 
 3.85371255e-05  2.71844660e-01  3.85371255e-05  1.00000000e+00 
 3.86371255e-05  2.71844660e-01  3.86371255e-05  1.00000000e+00 
 3.87371255e-05  2.71844660e-01  3.87371255e-05  1.00000000e+00 
 3.88371255e-05  2.71844660e-01  3.88371255e-05  1.00000000e+00 
 3.89371255e-05  2.71844660e-01  3.89371255e-05  1.00000000e+00 
 3.90371255e-05  2.71844660e-01  3.90371255e-05  1.00000000e+00 
 3.91371255e-05  2.71844660e-01  3.91371255e-05  1.00000000e+00 
 3.92371255e-05  2.71844660e-01  3.92371255e-05  1.00000000e+00 
 3.93371255e-05  2.71844660e-01  3.93371255e-05  1.00000000e+00 
 3.94371255e-05  2.71844660e-01  3.94371255e-05  1.00000000e+00 
 3.95371255e-05  2.71844660e-01  3.95371255e-05  1.00000000e+00 
 3.96371255e-05  2.71844660e-01  3.96371255e-05  1.00000000e+00 
 3.97371255e-05  2.71844660e-01  3.97371255e-05  1.00000000e+00 
 3.98371255e-05  2.71844660e-01  3.98371255e-05  1.00000000e+00 
 3.99371255e-05  2.71844660e-01  3.99371255e-05  1.00000000e+00 
 4.00371255e-05  2.71844660e-01  4.00371255e-05  1.00000000e+00 
 4.01371255e-05  2.71844660e-01  4.01371255e-05  1.00000000e+00 
 4.02371255e-05  2.71844660e-01  4.02371255e-05  1.00000000e+00 
 4.03371255e-05  2.71844660e-01  4.03371255e-05  1.00000000e+00 
 4.04371255e-05  2.71844660e-01  4.04371255e-05  1.00000000e+00 
 4.05371255e-05  2.71844660e-01  4.05371255e-05  1.00000000e+00 
 4.06371255e-05  2.71844660e-01  4.06371255e-05  1.00000000e+00 
 4.07371255e-05  2.71844660e-01  4.07371255e-05  1.00000000e+00 
 4.08371255e-05  2.71844660e-01  4.08371255e-05  1.00000000e+00 
 4.09371255e-05  2.71844660e-01  4.09371255e-05  1.00000000e+00 
 4.10371255e-05  2.71844660e-01  4.10371255e-05  1.00000000e+00 
 4.11371255e-05  2.71844660e-01  4.11371255e-05  1.00000000e+00 
 4.12371255e-05  2.71844660e-01  4.12371255e-05  1.00000000e+00 
 4.13371255e-05  2.71844660e-01  4.13371255e-05  1.00000000e+00 
 4.14371255e-05  2.71844660e-01  4.14371255e-05  1.00000000e+00 
 4.15371255e-05  2.71844660e-01  4.15371255e-05  1.00000000e+00 
 4.16371255e-05  2.71844660e-01  4.16371255e-05  1.00000000e+00 
 4.17371255e-05  2.71844660e-01  4.17371255e-05  1.00000000e+00 
 4.18371255e-05  2.71844660e-01  4.18371255e-05  1.00000000e+00 
 4.19371255e-05  2.71844660e-01  4.19371255e-05  1.00000000e+00 
 4.20371255e-05  2.71844660e-01  4.20371255e-05  1.00000000e+00 
 4.21371255e-05  2.71844660e-01  4.21371255e-05  1.00000000e+00 
 4.22371255e-05  2.71844660e-01  4.22371255e-05  1.00000000e+00 
 4.23371255e-05  2.71844660e-01  4.23371255e-05  1.00000000e+00 
 4.24371255e-05  2.71844660e-01  4.24371255e-05  1.00000000e+00 
 4.25371255e-05  2.71844660e-01  4.25371255e-05  1.00000000e+00 
 4.26371255e-05  2.71844660e-01  4.26371255e-05  1.00000000e+00 
 4.27371255e-05  2.71844660e-01  4.27371255e-05  1.00000000e+00 
 4.28371255e-05  2.71844660e-01  4.28371255e-05  1.00000000e+00 
 4.29371255e-05  2.71844660e-01  4.29371255e-05  1.00000000e+00 
 4.30371255e-05  2.71844660e-01  4.30371255e-05  1.00000000e+00 
 4.31371255e-05  2.71844660e-01  4.31371255e-05  1.00000000e+00 
 4.32371255e-05  2.71844660e-01  4.32371255e-05  1.00000000e+00 
 4.33371255e-05  2.71844660e-01  4.33371255e-05  1.00000000e+00 
 4.34371255e-05  2.71844660e-01  4.34371255e-05  1.00000000e+00 
 4.35371255e-05  2.71844660e-01  4.35371255e-05  1.00000000e+00 
 4.36371255e-05  2.71844660e-01  4.36371255e-05  1.00000000e+00 
 4.37371255e-05  2.71844660e-01  4.37371255e-05  1.00000000e+00 
 4.38371255e-05  2.71844660e-01  4.38371255e-05  1.00000000e+00 
 4.39371255e-05  2.71844660e-01  4.39371255e-05  1.00000000e+00 
 4.40371255e-05  2.71844660e-01  4.40371255e-05  1.00000000e+00 
 4.41371255e-05  2.71844660e-01  4.41371255e-05  1.00000000e+00 
 4.42371255e-05  2.71844660e-01  4.42371255e-05  1.00000000e+00 
 4.43371255e-05  2.71844660e-01  4.43371255e-05  1.00000000e+00 
 4.44371255e-05  2.71844660e-01  4.44371255e-05  1.00000000e+00 
 4.45371255e-05  2.71844660e-01  4.45371255e-05  1.00000000e+00 
 4.46371255e-05  2.71844660e-01  4.46371255e-05  1.00000000e+00 
 4.47371255e-05  2.71844660e-01  4.47371255e-05  1.00000000e+00 
 4.48371255e-05  2.71844660e-01  4.48371255e-05  1.00000000e+00 
 4.49371255e-05  2.71844660e-01  4.49371255e-05  1.00000000e+00 
 4.50371255e-05  2.71844660e-01  4.50371255e-05  1.00000000e+00 
 4.51371255e-05  2.71844660e-01  4.51371255e-05  1.00000000e+00 
 4.52371255e-05  2.71844660e-01  4.52371255e-05  1.00000000e+00 
 4.53371255e-05  2.71844660e-01  4.53371255e-05  1.00000000e+00 
 4.54371255e-05  2.71844660e-01  4.54371255e-05  1.00000000e+00 
 4.55371255e-05  2.71844660e-01  4.55371255e-05  1.00000000e+00 
 4.56371255e-05  2.71844660e-01  4.56371255e-05  1.00000000e+00 
 4.57371255e-05  2.71844660e-01  4.57371255e-05  1.00000000e+00 
 4.58371255e-05  2.71844660e-01  4.58371255e-05  1.00000000e+00 
 4.59371255e-05  2.71844660e-01  4.59371255e-05  1.00000000e+00 
 4.60371255e-05  2.71844660e-01  4.60371255e-05  1.00000000e+00 
 4.61371255e-05  2.71844660e-01  4.61371255e-05  1.00000000e+00 
 4.62371255e-05  2.71844660e-01  4.62371255e-05  1.00000000e+00 
 4.63371255e-05  2.71844660e-01  4.63371255e-05  1.00000000e+00 
 4.64371255e-05  2.71844660e-01  4.64371255e-05  1.00000000e+00 
 4.65371255e-05  2.71844660e-01  4.65371255e-05  1.00000000e+00 
 4.66371255e-05  2.71844660e-01  4.66371255e-05  1.00000000e+00 
 4.67371255e-05  2.71844660e-01  4.67371255e-05  1.00000000e+00 
 4.68371255e-05  2.71844660e-01  4.68371255e-05  1.00000000e+00 
 4.69371255e-05  2.71844660e-01  4.69371255e-05  1.00000000e+00 
 4.70371255e-05  2.71844660e-01  4.70371255e-05  1.00000000e+00 
 4.71371255e-05  2.71844660e-01  4.71371255e-05  1.00000000e+00 
 4.72371255e-05  2.71844660e-01  4.72371255e-05  1.00000000e+00 
 4.73371255e-05  2.71844660e-01  4.73371255e-05  1.00000000e+00 
 4.74371255e-05  2.71844660e-01  4.74371255e-05  1.00000000e+00 
 4.75371255e-05  2.71844660e-01  4.75371255e-05  1.00000000e+00 
 4.76371255e-05  2.71844660e-01  4.76371255e-05  1.00000000e+00 
 4.77371255e-05  2.71844660e-01  4.77371255e-05  1.00000000e+00 
 4.78371255e-05  2.71844660e-01  4.78371255e-05  1.00000000e+00 
 4.79371255e-05  2.71844660e-01  4.79371255e-05  1.00000000e+00 
 4.80371255e-05  2.71844660e-01  4.80371255e-05  1.00000000e+00 
 4.81371255e-05  2.71844660e-01  4.81371255e-05  1.00000000e+00 
 4.82371255e-05  2.71844660e-01  4.82371255e-05  1.00000000e+00 
 4.83371255e-05  2.71844660e-01  4.83371255e-05  1.00000000e+00 
 4.84371255e-05  2.71844660e-01  4.84371255e-05  1.00000000e+00 
 4.85371255e-05  2.71844660e-01  4.85371255e-05  1.00000000e+00 
 4.86371255e-05  2.71844660e-01  4.86371255e-05  1.00000000e+00 
 4.87371255e-05  2.71844660e-01  4.87371255e-05  1.00000000e+00 
 4.88371255e-05  2.71844660e-01  4.88371255e-05  1.00000000e+00 
 4.89371255e-05  2.71844660e-01  4.89371255e-05  1.00000000e+00 
 4.90371255e-05  2.71844660e-01  4.90371255e-05  1.00000000e+00 
 4.91371255e-05  2.71844660e-01  4.91371255e-05  1.00000000e+00 
 4.92371255e-05  2.71844660e-01  4.92371255e-05  1.00000000e+00 
 4.93371255e-05  2.71844660e-01  4.93371255e-05  1.00000000e+00 
 4.94371255e-05  2.71844660e-01  4.94371255e-05  1.00000000e+00 
 4.95371255e-05  2.71844660e-01  4.95371255e-05  1.00000000e+00 
 4.96371255e-05  2.71844660e-01  4.96371255e-05  1.00000000e+00 
 4.97371255e-05  2.71844660e-01  4.97371255e-05  1.00000000e+00 
 4.98371255e-05  2.71844660e-01  4.98371255e-05  1.00000000e+00 
 4.99371255e-05  2.71844660e-01  4.99371255e-05  1.00000000e+00 
 5.00371255e-05  2.71844660e-01  5.00371255e-05  1.00000000e+00 
 5.01371255e-05  2.71844660e-01  5.01371255e-05  1.00000000e+00 
 5.02371255e-05  2.71844660e-01  5.02371255e-05  1.00000000e+00 
 5.03371255e-05  2.71844660e-01  5.03371255e-05  1.00000000e+00 
 5.04371255e-05  2.71844660e-01  5.04371255e-05  1.00000000e+00 
 5.05371255e-05  2.71844660e-01  5.05371255e-05  1.00000000e+00 
 5.06371255e-05  2.71844660e-01  5.06371255e-05  1.00000000e+00 
 5.07371255e-05  2.71844660e-01  5.07371255e-05  1.00000000e+00 
 5.08371255e-05  2.71844660e-01  5.08371255e-05  1.00000000e+00 
 5.09371255e-05  2.71844660e-01  5.09371255e-05  1.00000000e+00 
 5.10010000e-05  2.71844660e-01  5.10010000e-05  1.00000000e+00 
 5.10011000e-05  2.44660997e-01  5.10011000e-05  9.00000000e-01 
 5.10013000e-05  1.90293669e-01  5.10013000e-05  7.00000000e-01 
 5.10017000e-05  8.15590053e-02  5.10017000e-05  3.00000000e-01 
 5.10020000e-05  8.00074147e-06  5.10020000e-05  0.00000000e+00 
 5.10020053e-05  8.00039599e-06  5.10020053e-05  0.00000000e+00 
 5.10020160e-05  7.99970507e-06  5.10020160e-05  0.00000000e+00 
 5.10020372e-05  7.99832341e-06  5.10020372e-05  0.00000000e+00 
 5.10020798e-05  7.99556079e-06  5.10020798e-05  0.00000000e+00 
 5.10021649e-05  7.99003843e-06  5.10021649e-05  0.00000000e+00 
 5.10023352e-05  7.97900513e-06  5.10023352e-05  0.00000000e+00 
 5.10026756e-05  7.95698421e-06  5.10026756e-05  0.00000000e+00 
 5.10033566e-05  7.91312445e-06  5.10033566e-05  0.00000000e+00 
 5.10047185e-05  7.82612821e-06  5.10047185e-05  0.00000000e+00 
 5.10074424e-05  7.65498934e-06  5.10074424e-05  0.00000000e+00 
 5.10128901e-05  7.32381736e-06  5.10128901e-05  0.00000000e+00 
 5.10237854e-05  6.70354508e-06  5.10237854e-05  0.00000000e+00 
 5.10455762e-05  5.61419520e-06  5.10455762e-05  0.00000000e+00 
 5.10891577e-05  3.92665732e-06  5.10891577e-05  0.00000000e+00 
 5.11763207e-05  1.87449884e-06  5.11763207e-05  0.00000000e+00 
 5.12763207e-05  7.92216189e-07  5.12763207e-05  0.00000000e+00 
 5.13763207e-05  3.34812952e-07  5.13763207e-05  0.00000000e+00 
 5.14763207e-05  1.41501417e-07  5.14763207e-05  0.00000000e+00 
 5.15763207e-05  5.98024979e-08  5.15763207e-05  0.00000000e+00 
 5.16763207e-05  2.52742259e-08  5.16763207e-05  0.00000000e+00 
 5.17763207e-05  1.06816022e-08  5.17763207e-05  0.00000000e+00 
 5.18763207e-05  4.51434698e-09  5.18763207e-05  0.00000000e+00 
 5.19763207e-05  1.90789062e-09  5.19763207e-05  0.00000000e+00 
 5.20763207e-05  8.06328502e-10  5.20763207e-05  0.00000000e+00 
 5.21763207e-05  3.40777214e-10  5.21763207e-05  0.00000000e+00 
 5.22763207e-05  1.44022082e-10  5.22763207e-05  0.00000000e+00 
 5.23763207e-05  6.08678025e-11  5.23763207e-05  0.00000000e+00 
 5.24763207e-05  2.57244537e-11  5.24763207e-05  0.00000000e+00 
 5.25763207e-05  1.08718812e-11  5.25763207e-05  0.00000000e+00 
 5.26763207e-05  4.59476427e-12  5.26763207e-05  0.00000000e+00 
 5.27763207e-05  1.94187724e-12  5.27763207e-05  0.00000000e+00 
 5.28763207e-05  8.20692207e-13  5.28763207e-05  0.00000000e+00 
 5.29763207e-05  3.46847722e-13  5.29763207e-05  0.00000000e+00 
 5.30763207e-05  1.46587650e-13  5.30763207e-05  0.00000000e+00 
 5.31763207e-05  6.19520842e-14  5.31763207e-05  0.00000000e+00 
 5.32763207e-05  2.61827017e-14  5.32763207e-05  0.00000000e+00 
 5.33763207e-05  1.10655498e-14  5.33763207e-05  0.00000000e+00 
 5.34763207e-05  4.67661408e-15  5.34763207e-05  0.00000000e+00 
 5.35763207e-05  1.97646929e-15  5.35763207e-05  0.00000000e+00 
 5.36763207e-05  8.35311783e-16  5.36763207e-05  0.00000000e+00 
 5.37763207e-05  3.53026368e-16  5.37763207e-05  0.00000000e+00 
 5.38763207e-05  1.49198921e-16  5.38763207e-05  0.00000000e+00 
 5.39763207e-05  6.30556809e-17  5.39763207e-05  0.00000000e+00 
 5.40763207e-05  2.66491129e-17  5.40763207e-05  0.00000000e+00 
 5.41763207e-05  1.12626683e-17  5.41763207e-05  0.00000000e+00 
 5.42763207e-05  4.75992195e-18  5.42763207e-05  0.00000000e+00 
 5.43763207e-05  2.01167755e-18  5.43763207e-05  0.00000000e+00 
 5.44763207e-05  8.50191788e-19  5.44763207e-05  0.00000000e+00 
 5.45763207e-05  3.59315079e-19  5.45763207e-05  0.00000000e+00 
 5.46763207e-05  1.51856708e-19  5.46763207e-05  0.00000000e+00 
 5.47763207e-05  6.41789367e-20  5.47763207e-05  0.00000000e+00 
 5.48763207e-05  2.71238326e-20  5.48763207e-05  0.00000000e+00 
 5.49763207e-05  1.14632983e-20  5.49763207e-05  0.00000000e+00 
 5.50763207e-05  4.84471384e-21  5.50763207e-05  0.00000000e+00 
 5.51763207e-05  2.04751300e-21  5.51763207e-05  0.00000000e+00 
 5.52763207e-05  8.65336862e-22  5.52763207e-05  0.00000000e+00 
 5.53763207e-05  3.65715815e-22  5.53763207e-05  0.00000000e+00 
 5.54763207e-05  1.54561840e-22  5.54763207e-05  0.00000000e+00 
 5.55763207e-05  6.53222020e-23  5.55763207e-05  0.00000000e+00 
 5.56763207e-05  2.76070088e-23  5.56763207e-05  0.00000000e+00 
 5.57763207e-05  1.16675022e-23  5.57763207e-05  0.00000000e+00 
 5.58763207e-05  4.93101618e-24  5.58763207e-05  0.00000000e+00 
 5.59763207e-05  2.08398681e-24  5.59763207e-05  0.00000000e+00 
 5.60763207e-05  8.80751725e-25  5.60763207e-05  0.00000000e+00 
 5.61763207e-05  3.72230572e-25  5.61763207e-05  0.00000000e+00 
 5.62763207e-05  1.57315160e-25  5.62763207e-05  0.00000000e+00 
 5.63763207e-05  6.64858334e-26  5.63763207e-05  0.00000000e+00 
 5.64763207e-05  2.80987924e-26  5.64763207e-05  0.00000000e+00 
 5.65763207e-05  1.18753438e-26  5.65763207e-05  0.00000000e+00 
 5.66763207e-05  5.01885627e-27  5.66763207e-05  0.00000000e+00 
 5.67763207e-05  2.12111077e-27  5.67763207e-05  0.00000000e+00 
 5.68763207e-05  8.96441336e-28  5.68763207e-05  0.00000000e+00 
 5.69763207e-05  3.78861226e-28  5.69763207e-05  0.00000000e+00 
 5.70763207e-05  1.60117496e-28  5.70763207e-05  0.00000000e+00 
 5.71763207e-05  6.76704349e-29  5.71763207e-05  0.00000000e+00 
 5.72763207e-05  2.85993781e-29  5.72763207e-05  0.00000000e+00 
 5.73763207e-05  1.20867935e-29  5.73763207e-05  0.00000000e+00 
 5.74763207e-05  5.10825742e-30  5.74763207e-05  0.00000000e+00 
 5.75763207e-05  2.15865250e-30  5.75763207e-05  0.00000000e+00 
 5.76763207e-05  9.12169057e-31  5.76763207e-05  0.00000000e+00 
 5.77763207e-05  3.85236446e-31  5.77763207e-05  0.00000000e+00 
 5.78763207e-05  1.62729188e-31  5.78763207e-05  0.00000000e+00 
 5.79763207e-05  6.91875801e-32  5.79763207e-05  0.00000000e+00 
 5.80763207e-05  2.93355340e-32  5.80763207e-05  0.00000000e+00 
 5.81763207e-05  1.19002638e-32  5.81763207e-05  0.00000000e+00 
 5.82763207e-05  4.70475545e-33  5.82763207e-05  0.00000000e+00 
 5.83763207e-05  1.93725224e-33  5.83763207e-05  0.00000000e+00 
 5.84763207e-05  8.30250962e-34  5.84763207e-05  0.00000000e+00 
 5.85763207e-05  5.53500641e-34  5.85763207e-05  0.00000000e+00 
 5.86763207e-05  2.76750321e-34  5.86763207e-05  0.00000000e+00 
 5.87763207e-05  0.00000000e+00  5.87763207e-05  0.00000000e+00 
 5.88763207e-05  0.00000000e+00  5.88763207e-05  0.00000000e+00 
 5.89763207e-05  0.00000000e+00  5.89763207e-05  0.00000000e+00 
 5.90763207e-05  0.00000000e+00  5.90763207e-05  0.00000000e+00 
 5.91763207e-05  0.00000000e+00  5.91763207e-05  0.00000000e+00 
 5.92763207e-05  0.00000000e+00  5.92763207e-05  0.00000000e+00 
 5.93763207e-05  0.00000000e+00  5.93763207e-05  0.00000000e+00 
 5.94763207e-05  0.00000000e+00  5.94763207e-05  0.00000000e+00 
 5.95763207e-05  0.00000000e+00  5.95763207e-05  0.00000000e+00 
 5.96763207e-05  0.00000000e+00  5.96763207e-05  0.00000000e+00 
 5.97763207e-05  0.00000000e+00  5.97763207e-05  0.00000000e+00 
 5.98763207e-05  0.00000000e+00  5.98763207e-05  0.00000000e+00 
 5.99763207e-05  0.00000000e+00  5.99763207e-05  0.00000000e+00 
 6.00763207e-05  0.00000000e+00  6.00763207e-05  0.00000000e+00 
 6.01763207e-05  0.00000000e+00  6.01763207e-05  0.00000000e+00 
 6.02763207e-05  0.00000000e+00  6.02763207e-05  0.00000000e+00 
 6.03763207e-05  0.00000000e+00  6.03763207e-05  0.00000000e+00 
 6.04763207e-05  0.00000000e+00  6.04763207e-05  0.00000000e+00 
 6.05763207e-05  0.00000000e+00  6.05763207e-05  0.00000000e+00 
 6.06763207e-05  0.00000000e+00  6.06763207e-05  0.00000000e+00 
 6.07763207e-05  0.00000000e+00  6.07763207e-05  0.00000000e+00 
 6.08763207e-05  0.00000000e+00  6.08763207e-05  0.00000000e+00 
 6.09763207e-05  0.00000000e+00  6.09763207e-05  0.00000000e+00 
 6.10763207e-05  0.00000000e+00  6.10763207e-05  0.00000000e+00 
 6.11763207e-05  0.00000000e+00  6.11763207e-05  0.00000000e+00 
 6.12763207e-05  0.00000000e+00  6.12763207e-05  0.00000000e+00 
 6.13763207e-05  0.00000000e+00  6.13763207e-05  0.00000000e+00 
 6.14763207e-05  0.00000000e+00  6.14763207e-05  0.00000000e+00 
 6.15763207e-05  0.00000000e+00  6.15763207e-05  0.00000000e+00 
 6.16763207e-05  0.00000000e+00  6.16763207e-05  0.00000000e+00 
 6.17763207e-05  0.00000000e+00  6.17763207e-05  0.00000000e+00 
 6.18763207e-05  0.00000000e+00  6.18763207e-05  0.00000000e+00 
 6.19763207e-05  0.00000000e+00  6.19763207e-05  0.00000000e+00 
 6.20763207e-05  0.00000000e+00  6.20763207e-05  0.00000000e+00 
 6.21763207e-05  0.00000000e+00  6.21763207e-05  0.00000000e+00 
 6.22763207e-05  0.00000000e+00  6.22763207e-05  0.00000000e+00 
 6.23763207e-05  0.00000000e+00  6.23763207e-05  0.00000000e+00 
 6.24763207e-05  0.00000000e+00  6.24763207e-05  0.00000000e+00 
 6.25763207e-05  0.00000000e+00  6.25763207e-05  0.00000000e+00 
 6.26763207e-05  0.00000000e+00  6.26763207e-05  0.00000000e+00 
 6.27763207e-05  0.00000000e+00  6.27763207e-05  0.00000000e+00 
 6.28763207e-05  0.00000000e+00  6.28763207e-05  0.00000000e+00 
 6.29763207e-05  0.00000000e+00  6.29763207e-05  0.00000000e+00 
 6.30763207e-05  0.00000000e+00  6.30763207e-05  0.00000000e+00 
 6.31763207e-05  0.00000000e+00  6.31763207e-05  0.00000000e+00 
 6.32763207e-05  0.00000000e+00  6.32763207e-05  0.00000000e+00 
 6.33763207e-05  0.00000000e+00  6.33763207e-05  0.00000000e+00 
 6.34763207e-05  0.00000000e+00  6.34763207e-05  0.00000000e+00 
 6.35763207e-05  0.00000000e+00  6.35763207e-05  0.00000000e+00 
 6.36763207e-05  0.00000000e+00  6.36763207e-05  0.00000000e+00 
 6.37763207e-05  0.00000000e+00  6.37763207e-05  0.00000000e+00 
 6.38763207e-05  0.00000000e+00  6.38763207e-05  0.00000000e+00 
 6.39763207e-05  0.00000000e+00  6.39763207e-05  0.00000000e+00 
 6.40763207e-05  0.00000000e+00  6.40763207e-05  0.00000000e+00 
 6.41763207e-05  0.00000000e+00  6.41763207e-05  0.00000000e+00 
 6.42763207e-05  0.00000000e+00  6.42763207e-05  0.00000000e+00 
 6.43763207e-05  0.00000000e+00  6.43763207e-05  0.00000000e+00 
 6.44763207e-05  0.00000000e+00  6.44763207e-05  0.00000000e+00 
 6.45763207e-05  0.00000000e+00  6.45763207e-05  0.00000000e+00 
 6.46763207e-05  0.00000000e+00  6.46763207e-05  0.00000000e+00 
 6.47763207e-05  0.00000000e+00  6.47763207e-05  0.00000000e+00 
 6.48763207e-05  0.00000000e+00  6.48763207e-05  0.00000000e+00 
 6.49763207e-05  0.00000000e+00  6.49763207e-05  0.00000000e+00 
 6.50763207e-05  0.00000000e+00  6.50763207e-05  0.00000000e+00 
 6.51763207e-05  0.00000000e+00  6.51763207e-05  0.00000000e+00 
 6.52763207e-05  0.00000000e+00  6.52763207e-05  0.00000000e+00 
 6.53763207e-05  0.00000000e+00  6.53763207e-05  0.00000000e+00 
 6.54763207e-05  0.00000000e+00  6.54763207e-05  0.00000000e+00 
 6.55763207e-05  0.00000000e+00  6.55763207e-05  0.00000000e+00 
 6.56763207e-05  0.00000000e+00  6.56763207e-05  0.00000000e+00 
 6.57763207e-05  0.00000000e+00  6.57763207e-05  0.00000000e+00 
 6.58763207e-05  0.00000000e+00  6.58763207e-05  0.00000000e+00 
 6.59763207e-05  0.00000000e+00  6.59763207e-05  0.00000000e+00 
 6.60763207e-05  0.00000000e+00  6.60763207e-05  0.00000000e+00 
 6.61763207e-05  0.00000000e+00  6.61763207e-05  0.00000000e+00 
 6.62763207e-05  0.00000000e+00  6.62763207e-05  0.00000000e+00 
 6.63763207e-05  0.00000000e+00  6.63763207e-05  0.00000000e+00 
 6.64763207e-05  0.00000000e+00  6.64763207e-05  0.00000000e+00 
 6.65763207e-05  0.00000000e+00  6.65763207e-05  0.00000000e+00 
 6.66763207e-05  0.00000000e+00  6.66763207e-05  0.00000000e+00 
 6.67763207e-05  0.00000000e+00  6.67763207e-05  0.00000000e+00 
 6.68763207e-05  0.00000000e+00  6.68763207e-05  0.00000000e+00 
 6.69763207e-05  0.00000000e+00  6.69763207e-05  0.00000000e+00 
 6.70763207e-05  0.00000000e+00  6.70763207e-05  0.00000000e+00 
 6.71763207e-05  0.00000000e+00  6.71763207e-05  0.00000000e+00 
 6.72763207e-05  0.00000000e+00  6.72763207e-05  0.00000000e+00 
 6.73763207e-05  0.00000000e+00  6.73763207e-05  0.00000000e+00 
 6.74763207e-05  0.00000000e+00  6.74763207e-05  0.00000000e+00 
 6.75763207e-05  0.00000000e+00  6.75763207e-05  0.00000000e+00 
 6.76763207e-05  0.00000000e+00  6.76763207e-05  0.00000000e+00 
 6.77763207e-05  0.00000000e+00  6.77763207e-05  0.00000000e+00 
 6.78763207e-05  0.00000000e+00  6.78763207e-05  0.00000000e+00 
 6.79763207e-05  0.00000000e+00  6.79763207e-05  0.00000000e+00 
 6.80763207e-05  0.00000000e+00  6.80763207e-05  0.00000000e+00 
 6.81763207e-05  0.00000000e+00  6.81763207e-05  0.00000000e+00 
 6.82763207e-05  0.00000000e+00  6.82763207e-05  0.00000000e+00 
 6.83763207e-05  0.00000000e+00  6.83763207e-05  0.00000000e+00 
 6.84763207e-05  0.00000000e+00  6.84763207e-05  0.00000000e+00 
 6.85763207e-05  0.00000000e+00  6.85763207e-05  0.00000000e+00 
 6.86763207e-05  0.00000000e+00  6.86763207e-05  0.00000000e+00 
 6.87763207e-05  0.00000000e+00  6.87763207e-05  0.00000000e+00 
 6.88763207e-05  0.00000000e+00  6.88763207e-05  0.00000000e+00 
 6.89763207e-05  0.00000000e+00  6.89763207e-05  0.00000000e+00 
 6.90763207e-05  0.00000000e+00  6.90763207e-05  0.00000000e+00 
 6.91763207e-05  0.00000000e+00  6.91763207e-05  0.00000000e+00 
 6.92763207e-05  0.00000000e+00  6.92763207e-05  0.00000000e+00 
 6.93763207e-05  0.00000000e+00  6.93763207e-05  0.00000000e+00 
 6.94763207e-05  0.00000000e+00  6.94763207e-05  0.00000000e+00 
 6.95763207e-05  0.00000000e+00  6.95763207e-05  0.00000000e+00 
 6.96763207e-05  0.00000000e+00  6.96763207e-05  0.00000000e+00 
 6.97763207e-05  0.00000000e+00  6.97763207e-05  0.00000000e+00 
 6.98763207e-05  0.00000000e+00  6.98763207e-05  0.00000000e+00 
 6.99763207e-05  0.00000000e+00  6.99763207e-05  0.00000000e+00 
 7.00763207e-05  0.00000000e+00  7.00763207e-05  0.00000000e+00 
 7.01763207e-05  0.00000000e+00  7.01763207e-05  0.00000000e+00 
 7.02763207e-05  0.00000000e+00  7.02763207e-05  0.00000000e+00 
 7.03763207e-05  0.00000000e+00  7.03763207e-05  0.00000000e+00 
 7.04763207e-05  0.00000000e+00  7.04763207e-05  0.00000000e+00 
 7.05763207e-05  0.00000000e+00  7.05763207e-05  0.00000000e+00 
 7.06763207e-05  0.00000000e+00  7.06763207e-05  0.00000000e+00 
 7.07763207e-05  0.00000000e+00  7.07763207e-05  0.00000000e+00 
 7.08763207e-05  0.00000000e+00  7.08763207e-05  0.00000000e+00 
 7.09763207e-05  0.00000000e+00  7.09763207e-05  0.00000000e+00 
 7.10763207e-05  0.00000000e+00  7.10763207e-05  0.00000000e+00 
 7.11763207e-05  0.00000000e+00  7.11763207e-05  0.00000000e+00 
 7.12763207e-05  0.00000000e+00  7.12763207e-05  0.00000000e+00 
 7.13763207e-05  0.00000000e+00  7.13763207e-05  0.00000000e+00 
 7.14763207e-05  0.00000000e+00  7.14763207e-05  0.00000000e+00 
 7.15763207e-05  0.00000000e+00  7.15763207e-05  0.00000000e+00 
 7.16763207e-05  0.00000000e+00  7.16763207e-05  0.00000000e+00 
 7.17763207e-05  0.00000000e+00  7.17763207e-05  0.00000000e+00 
 7.18763207e-05  0.00000000e+00  7.18763207e-05  0.00000000e+00 
 7.19763207e-05  0.00000000e+00  7.19763207e-05  0.00000000e+00 
 7.20763207e-05  0.00000000e+00  7.20763207e-05  0.00000000e+00 
 7.21763207e-05  0.00000000e+00  7.21763207e-05  0.00000000e+00 
 7.22763207e-05  0.00000000e+00  7.22763207e-05  0.00000000e+00 
 7.23763207e-05  0.00000000e+00  7.23763207e-05  0.00000000e+00 
 7.24763207e-05  0.00000000e+00  7.24763207e-05  0.00000000e+00 
 7.25763207e-05  0.00000000e+00  7.25763207e-05  0.00000000e+00 
 7.26763207e-05  0.00000000e+00  7.26763207e-05  0.00000000e+00 
 7.27763207e-05  0.00000000e+00  7.27763207e-05  0.00000000e+00 
 7.28763207e-05  0.00000000e+00  7.28763207e-05  0.00000000e+00 
 7.29763207e-05  0.00000000e+00  7.29763207e-05  0.00000000e+00 
 7.30763207e-05  0.00000000e+00  7.30763207e-05  0.00000000e+00 
 7.31763207e-05  0.00000000e+00  7.31763207e-05  0.00000000e+00 
 7.32763207e-05  0.00000000e+00  7.32763207e-05  0.00000000e+00 
 7.33763207e-05  0.00000000e+00  7.33763207e-05  0.00000000e+00 
 7.34763207e-05  0.00000000e+00  7.34763207e-05  0.00000000e+00 
 7.35763207e-05  0.00000000e+00  7.35763207e-05  0.00000000e+00 
 7.36763207e-05  0.00000000e+00  7.36763207e-05  0.00000000e+00 
 7.37763207e-05  0.00000000e+00  7.37763207e-05  0.00000000e+00 
 7.38763207e-05  0.00000000e+00  7.38763207e-05  0.00000000e+00 
 7.39763207e-05  0.00000000e+00  7.39763207e-05  0.00000000e+00 
 7.40763207e-05  0.00000000e+00  7.40763207e-05  0.00000000e+00 
 7.41763207e-05  0.00000000e+00  7.41763207e-05  0.00000000e+00 
 7.42763207e-05  0.00000000e+00  7.42763207e-05  0.00000000e+00 
 7.43763207e-05  0.00000000e+00  7.43763207e-05  0.00000000e+00 
 7.44763207e-05  0.00000000e+00  7.44763207e-05  0.00000000e+00 
 7.45763207e-05  0.00000000e+00  7.45763207e-05  0.00000000e+00 
 7.46763207e-05  0.00000000e+00  7.46763207e-05  0.00000000e+00 
 7.47763207e-05  0.00000000e+00  7.47763207e-05  0.00000000e+00 
 7.48763207e-05  0.00000000e+00  7.48763207e-05  0.00000000e+00 
 7.49763207e-05  0.00000000e+00  7.49763207e-05  0.00000000e+00 
 7.50763207e-05  0.00000000e+00  7.50763207e-05  0.00000000e+00 
 7.51763207e-05  0.00000000e+00  7.51763207e-05  0.00000000e+00 
 7.52763207e-05  0.00000000e+00  7.52763207e-05  0.00000000e+00 
 7.53763207e-05  0.00000000e+00  7.53763207e-05  0.00000000e+00 
 7.54763207e-05  0.00000000e+00  7.54763207e-05  0.00000000e+00 
 7.55763207e-05  0.00000000e+00  7.55763207e-05  0.00000000e+00 
 7.56763207e-05  0.00000000e+00  7.56763207e-05  0.00000000e+00 
 7.57763207e-05  0.00000000e+00  7.57763207e-05  0.00000000e+00 
 7.58763207e-05  0.00000000e+00  7.58763207e-05  0.00000000e+00 
 7.59763207e-05  0.00000000e+00  7.59763207e-05  0.00000000e+00 
 7.60763207e-05  0.00000000e+00  7.60763207e-05  0.00000000e+00 
 7.61763207e-05  0.00000000e+00  7.61763207e-05  0.00000000e+00 
 7.62763207e-05  0.00000000e+00  7.62763207e-05  0.00000000e+00 
 7.63763207e-05  0.00000000e+00  7.63763207e-05  0.00000000e+00 
 7.64763207e-05  0.00000000e+00  7.64763207e-05  0.00000000e+00 
 7.65763207e-05  0.00000000e+00  7.65763207e-05  0.00000000e+00 
 7.66763207e-05  0.00000000e+00  7.66763207e-05  0.00000000e+00 
 7.67763207e-05  0.00000000e+00  7.67763207e-05  0.00000000e+00 
 7.68763207e-05  0.00000000e+00  7.68763207e-05  0.00000000e+00 
 7.69763207e-05  0.00000000e+00  7.69763207e-05  0.00000000e+00 
 7.70763207e-05  0.00000000e+00  7.70763207e-05  0.00000000e+00 
 7.71763207e-05  0.00000000e+00  7.71763207e-05  0.00000000e+00 
 7.72763207e-05  0.00000000e+00  7.72763207e-05  0.00000000e+00 
 7.73763207e-05  0.00000000e+00  7.73763207e-05  0.00000000e+00 
 7.74763207e-05  0.00000000e+00  7.74763207e-05  0.00000000e+00 
 7.75763207e-05  0.00000000e+00  7.75763207e-05  0.00000000e+00 
 7.76763207e-05  0.00000000e+00  7.76763207e-05  0.00000000e+00 
 7.77763207e-05  0.00000000e+00  7.77763207e-05  0.00000000e+00 
 7.78763207e-05  0.00000000e+00  7.78763207e-05  0.00000000e+00 
 7.79763207e-05  0.00000000e+00  7.79763207e-05  0.00000000e+00 
 7.80763207e-05  0.00000000e+00  7.80763207e-05  0.00000000e+00 
 7.81763207e-05  0.00000000e+00  7.81763207e-05  0.00000000e+00 
 7.82763207e-05  0.00000000e+00  7.82763207e-05  0.00000000e+00 
 7.83763207e-05  0.00000000e+00  7.83763207e-05  0.00000000e+00 
 7.84763207e-05  0.00000000e+00  7.84763207e-05  0.00000000e+00 
 7.85763207e-05  0.00000000e+00  7.85763207e-05  0.00000000e+00 
 7.86763207e-05  0.00000000e+00  7.86763207e-05  0.00000000e+00 
 7.87763207e-05  0.00000000e+00  7.87763207e-05  0.00000000e+00 
 7.88763207e-05  0.00000000e+00  7.88763207e-05  0.00000000e+00 
 7.89763207e-05  0.00000000e+00  7.89763207e-05  0.00000000e+00 
 7.90763207e-05  0.00000000e+00  7.90763207e-05  0.00000000e+00 
 7.91763207e-05  0.00000000e+00  7.91763207e-05  0.00000000e+00 
 7.92763207e-05  0.00000000e+00  7.92763207e-05  0.00000000e+00 
 7.93763207e-05  0.00000000e+00  7.93763207e-05  0.00000000e+00 
 7.94763207e-05  0.00000000e+00  7.94763207e-05  0.00000000e+00 
 7.95763207e-05  0.00000000e+00  7.95763207e-05  0.00000000e+00 
 7.96763207e-05  0.00000000e+00  7.96763207e-05  0.00000000e+00 
 7.97763207e-05  0.00000000e+00  7.97763207e-05  0.00000000e+00 
 7.98763207e-05  0.00000000e+00  7.98763207e-05  0.00000000e+00 
 7.99763207e-05  0.00000000e+00  7.99763207e-05  0.00000000e+00 
 8.00000000e-05  0.00000000e+00  8.00000000e-05  0.00000000e+00 
