 0.00000000e+00  0.00000000e+00  0.00000000e+00  0.00000000e+00 
 1.00000000e-09  0.00000000e+00  1.00000000e-09  0.00000000e+00 
 2.00000000e-09  0.00000000e+00  2.00000000e-09  0.00000000e+00 
 4.00000000e-09  0.00000000e+00  4.00000000e-09  0.00000000e+00 
 8.00000000e-09  0.00000000e+00  8.00000000e-09  0.00000000e+00 
 1.60000000e-08  0.00000000e+00  1.60000000e-08  0.00000000e+00 
 3.20000000e-08  0.00000000e+00  3.20000000e-08  0.00000000e+00 
 6.40000000e-08  0.00000000e+00  6.40000000e-08  0.00000000e+00 
 1.28000000e-07  0.00000000e+00  1.28000000e-07  0.00000000e+00 
 2.28000000e-07  0.00000000e+00  2.28000000e-07  0.00000000e+00 
 3.28000000e-07  0.00000000e+00  3.28000000e-07  0.00000000e+00 
 4.28000000e-07  0.00000000e+00  4.28000000e-07  0.00000000e+00 
 5.28000000e-07  0.00000000e+00  5.28000000e-07  0.00000000e+00 
 6.28000000e-07  0.00000000e+00  6.28000000e-07  0.00000000e+00 
 7.28000000e-07  0.00000000e+00  7.28000000e-07  0.00000000e+00 
 8.28000000e-07  0.00000000e+00  8.28000000e-07  0.00000000e+00 
 9.28000000e-07  0.00000000e+00  9.28000000e-07  0.00000000e+00 
 1.00000000e-06  0.00000000e+00  1.00000000e-06  0.00000000e+00 
 1.00010000e-06  2.51506336e-02  1.00010000e-06  1.00000000e-01 
 1.00030000e-06  7.54552919e-02  1.00030000e-06  3.00000000e-01 
 1.00070000e-06  1.76084922e-01  1.00070000e-06  7.00000000e-01 
 1.00100000e-06  2.51574881e-01  1.00100000e-06  1.00000000e+00 
 1.00106649e-06  2.51586120e-01  1.00106649e-06  1.00000000e+00 
 1.00119947e-06  2.51608585e-01  1.00119947e-06  1.00000000e+00 
 1.00146543e-06  2.51653442e-01  1.00146543e-06  1.00000000e+00 
 1.00199735e-06  2.51742857e-01  1.00199735e-06  1.00000000e+00 
 1.00306120e-06  2.51920501e-01  1.00306120e-06  1.00000000e+00 
 1.00518888e-06  2.52271102e-01  1.00518888e-06  1.00000000e+00 
 1.00944425e-06  2.52953956e-01  1.00944425e-06  1.00000000e+00 
 1.01795499e-06  2.54249423e-01  1.01795499e-06  1.00000000e+00 
 1.03497647e-06  2.56582674e-01  1.03497647e-06  1.00000000e+00 
 1.06901944e-06  2.60378677e-01  1.06901944e-06  1.00000000e+00 
 1.13710537e-06  2.65451514e-01  1.13710537e-06  1.00000000e+00 
 1.23710537e-06  2.69215517e-01  1.23710537e-06  1.00000000e+00 
 1.33710537e-06  2.70763441e-01  1.33710537e-06  1.00000000e+00 
 1.43710537e-06  2.71400015e-01  1.43710537e-06  1.00000000e+00 
 1.53710537e-06  2.71661803e-01  1.53710537e-06  1.00000000e+00 
 1.63710537e-06  2.71769461e-01  1.63710537e-06  1.00000000e+00 
 1.73710537e-06  2.71813735e-01  1.73710537e-06  1.00000000e+00 
 1.83710537e-06  2.71831942e-01  1.83710537e-06  1.00000000e+00 
 1.93710537e-06  2.71839430e-01  1.93710537e-06  1.00000000e+00 
 2.03710537e-06  2.71842509e-01  2.03710537e-06  1.00000000e+00 
 2.13710537e-06  2.71843776e-01  2.13710537e-06  1.00000000e+00 
 2.23710537e-06  2.71844296e-01  2.23710537e-06  1.00000000e+00 
 2.33710537e-06  2.71844511e-01  2.33710537e-06  1.00000000e+00 
 2.43710537e-06  2.71844599e-01  2.43710537e-06  1.00000000e+00 
 2.53710537e-06  2.71844635e-01  2.53710537e-06  1.00000000e+00 
 2.63710537e-06  2.71844650e-01  2.63710537e-06  1.00000000e+00 
 2.73710537e-06  2.71844656e-01  2.73710537e-06  1.00000000e+00 
 2.83710537e-06  2.71844658e-01  2.83710537e-06  1.00000000e+00 
 2.93710537e-06  2.71844659e-01  2.93710537e-06  1.00000000e+00 
 3.03710537e-06  2.71844660e-01  3.03710537e-06  1.00000000e+00 
 3.13710537e-06  2.71844660e-01  3.13710537e-06  1.00000000e+00 
 3.23710537e-06  2.71844660e-01  3.23710537e-06  1.00000000e+00 
 3.33710537e-06  2.71844660e-01  3.33710537e-06  1.00000000e+00 
 3.43710537e-06  2.71844660e-01  3.43710537e-06  1.00000000e+00 
 3.53710537e-06  2.71844660e-01  3.53710537e-06  1.00000000e+00 
 3.63710537e-06  2.71844660e-01  3.63710537e-06  1.00000000e+00 
 3.73710537e-06  2.71844660e-01  3.73710537e-06  1.00000000e+00 
 3.83710537e-06  2.71844660e-01  3.83710537e-06  1.00000000e+00 
 3.93710537e-06  2.71844660e-01  3.93710537e-06  1.00000000e+00 
 4.03710537e-06  2.71844660e-01  4.03710537e-06  1.00000000e+00 
 4.13710537e-06  2.71844660e-01  4.13710537e-06  1.00000000e+00 
 4.23710537e-06  2.71844660e-01  4.23710537e-06  1.00000000e+00 
 4.33710537e-06  2.71844660e-01  4.33710537e-06  1.00000000e+00 
 4.43710537e-06  2.71844660e-01  4.43710537e-06  1.00000000e+00 
 4.53710537e-06  2.71844660e-01  4.53710537e-06  1.00000000e+00 
 4.63710537e-06  2.71844660e-01  4.63710537e-06  1.00000000e+00 
 4.73710537e-06  2.71844660e-01  4.73710537e-06  1.00000000e+00 
 4.83710537e-06  2.71844660e-01  4.83710537e-06  1.00000000e+00 
 4.93710537e-06  2.71844660e-01  4.93710537e-06  1.00000000e+00 
 5.03710537e-06  2.71844660e-01  5.03710537e-06  1.00000000e+00 
 5.13710537e-06  2.71844660e-01  5.13710537e-06  1.00000000e+00 
 5.23710537e-06  2.71844660e-01  5.23710537e-06  1.00000000e+00 
 5.33710537e-06  2.71844660e-01  5.33710537e-06  1.00000000e+00 
 5.43710537e-06  2.71844660e-01  5.43710537e-06  1.00000000e+00 
 5.53710537e-06  2.71844660e-01  5.53710537e-06  1.00000000e+00 
 5.63710537e-06  2.71844660e-01  5.63710537e-06  1.00000000e+00 
 5.73710537e-06  2.71844660e-01  5.73710537e-06  1.00000000e+00 
 5.83710537e-06  2.71844660e-01  5.83710537e-06  1.00000000e+00 
 5.93710537e-06  2.71844660e-01  5.93710537e-06  1.00000000e+00 
 6.03710537e-06  2.71844660e-01  6.03710537e-06  1.00000000e+00 
 6.13710537e-06  2.71844660e-01  6.13710537e-06  1.00000000e+00 
 6.23710537e-06  2.71844660e-01  6.23710537e-06  1.00000000e+00 
 6.33710537e-06  2.71844660e-01  6.33710537e-06  1.00000000e+00 
 6.43710537e-06  2.71844660e-01  6.43710537e-06  1.00000000e+00 
 6.53710537e-06  2.71844660e-01  6.53710537e-06  1.00000000e+00 
 6.63710537e-06  2.71844660e-01  6.63710537e-06  1.00000000e+00 
 6.73710537e-06  2.71844660e-01  6.73710537e-06  1.00000000e+00 
 6.83710537e-06  2.71844660e-01  6.83710537e-06  1.00000000e+00 
 6.93710537e-06  2.71844660e-01  6.93710537e-06  1.00000000e+00 
 7.03710537e-06  2.71844660e-01  7.03710537e-06  1.00000000e+00 
 7.13710537e-06  2.71844660e-01  7.13710537e-06  1.00000000e+00 
 7.23710537e-06  2.71844660e-01  7.23710537e-06  1.00000000e+00 
 7.33710537e-06  2.71844660e-01  7.33710537e-06  1.00000000e+00 
 7.43710537e-06  2.71844660e-01  7.43710537e-06  1.00000000e+00 
 7.53710537e-06  2.71844660e-01  7.53710537e-06  1.00000000e+00 
 7.63710537e-06  2.71844660e-01  7.63710537e-06  1.00000000e+00 
 7.73710537e-06  2.71844660e-01  7.73710537e-06  1.00000000e+00 
 7.83710537e-06  2.71844660e-01  7.83710537e-06  1.00000000e+00 
 7.93710537e-06  2.71844660e-01  7.93710537e-06  1.00000000e+00 
 8.03710537e-06  2.71844660e-01  8.03710537e-06  1.00000000e+00 
 8.13710537e-06  2.71844660e-01  8.13710537e-06  1.00000000e+00 
 8.23710537e-06  2.71844660e-01  8.23710537e-06  1.00000000e+00 
 8.33710537e-06  2.71844660e-01  8.33710537e-06  1.00000000e+00 
 8.43710537e-06  2.71844660e-01  8.43710537e-06  1.00000000e+00 
 8.53710537e-06  2.71844660e-01  8.53710537e-06  1.00000000e+00 
 8.63710537e-06  2.71844660e-01  8.63710537e-06  1.00000000e+00 
 8.73710537e-06  2.71844660e-01  8.73710537e-06  1.00000000e+00 
 8.83710537e-06  2.71844660e-01  8.83710537e-06  1.00000000e+00 
 8.93710537e-06  2.71844660e-01  8.93710537e-06  1.00000000e+00 
 9.03710537e-06  2.71844660e-01  9.03710537e-06  1.00000000e+00 
 9.13710537e-06  2.71844660e-01  9.13710537e-06  1.00000000e+00 
 9.23710537e-06  2.71844660e-01  9.23710537e-06  1.00000000e+00 
 9.33710537e-06  2.71844660e-01  9.33710537e-06  1.00000000e+00 
 9.43710537e-06  2.71844660e-01  9.43710537e-06  1.00000000e+00 
 9.53710537e-06  2.71844660e-01  9.53710537e-06  1.00000000e+00 
 9.63710537e-06  2.71844660e-01  9.63710537e-06  1.00000000e+00 
 9.73710537e-06  2.71844660e-01  9.73710537e-06  1.00000000e+00 
 9.83710537e-06  2.71844660e-01  9.83710537e-06  1.00000000e+00 
 9.93710537e-06  2.71844660e-01  9.93710537e-06  1.00000000e+00 
 1.00371054e-05  2.71844660e-01  1.00371054e-05  1.00000000e+00 
 1.01371054e-05  2.71844660e-01  1.01371054e-05  1.00000000e+00 
 1.02371054e-05  2.71844660e-01  1.02371054e-05  1.00000000e+00 
 1.03371054e-05  2.71844660e-01  1.03371054e-05  1.00000000e+00 
 1.04371054e-05  2.71844660e-01  1.04371054e-05  1.00000000e+00 
 1.05371054e-05  2.71844660e-01  1.05371054e-05  1.00000000e+00 
 1.06371054e-05  2.71844660e-01  1.06371054e-05  1.00000000e+00 
 1.07371054e-05  2.71844660e-01  1.07371054e-05  1.00000000e+00 
 1.08371054e-05  2.71844660e-01  1.08371054e-05  1.00000000e+00 
 1.09371054e-05  2.71844660e-01  1.09371054e-05  1.00000000e+00 
 1.10371054e-05  2.71844660e-01  1.10371054e-05  1.00000000e+00 
 1.11371054e-05  2.71844660e-01  1.11371054e-05  1.00000000e+00 
 1.12371054e-05  2.71844660e-01  1.12371054e-05  1.00000000e+00 
 1.13371054e-05  2.71844660e-01  1.13371054e-05  1.00000000e+00 
 1.14371054e-05  2.71844660e-01  1.14371054e-05  1.00000000e+00 
 1.15371054e-05  2.71844660e-01  1.15371054e-05  1.00000000e+00 
 1.16371054e-05  2.71844660e-01  1.16371054e-05  1.00000000e+00 
 1.17371054e-05  2.71844660e-01  1.17371054e-05  1.00000000e+00 
 1.18371054e-05  2.71844660e-01  1.18371054e-05  1.00000000e+00 
 1.19371054e-05  2.71844660e-01  1.19371054e-05  1.00000000e+00 
 1.20371054e-05  2.71844660e-01  1.20371054e-05  1.00000000e+00 
 1.21371054e-05  2.71844660e-01  1.21371054e-05  1.00000000e+00 
 1.22371054e-05  2.71844660e-01  1.22371054e-05  1.00000000e+00 
 1.23371054e-05  2.71844660e-01  1.23371054e-05  1.00000000e+00 
 1.24371054e-05  2.71844660e-01  1.24371054e-05  1.00000000e+00 
 1.25371054e-05  2.71844660e-01  1.25371054e-05  1.00000000e+00 
 1.26371054e-05  2.71844660e-01  1.26371054e-05  1.00000000e+00 
 1.27371054e-05  2.71844660e-01  1.27371054e-05  1.00000000e+00 
 1.28371054e-05  2.71844660e-01  1.28371054e-05  1.00000000e+00 
 1.29371054e-05  2.71844660e-01  1.29371054e-05  1.00000000e+00 
 1.30371054e-05  2.71844660e-01  1.30371054e-05  1.00000000e+00 
 1.31371054e-05  2.71844660e-01  1.31371054e-05  1.00000000e+00 
 1.32371054e-05  2.71844660e-01  1.32371054e-05  1.00000000e+00 
 1.33371054e-05  2.71844660e-01  1.33371054e-05  1.00000000e+00 
 1.34371054e-05  2.71844660e-01  1.34371054e-05  1.00000000e+00 
 1.35371054e-05  2.71844660e-01  1.35371054e-05  1.00000000e+00 
 1.36371054e-05  2.71844660e-01  1.36371054e-05  1.00000000e+00 
 1.37371054e-05  2.71844660e-01  1.37371054e-05  1.00000000e+00 
 1.38371054e-05  2.71844660e-01  1.38371054e-05  1.00000000e+00 
 1.39371054e-05  2.71844660e-01  1.39371054e-05  1.00000000e+00 
 1.40371054e-05  2.71844660e-01  1.40371054e-05  1.00000000e+00 
 1.41371054e-05  2.71844660e-01  1.41371054e-05  1.00000000e+00 
 1.42371054e-05  2.71844660e-01  1.42371054e-05  1.00000000e+00 
 1.43371054e-05  2.71844660e-01  1.43371054e-05  1.00000000e+00 
 1.44371054e-05  2.71844660e-01  1.44371054e-05  1.00000000e+00 
 1.45371054e-05  2.71844660e-01  1.45371054e-05  1.00000000e+00 
 1.46371054e-05  2.71844660e-01  1.46371054e-05  1.00000000e+00 
 1.47371054e-05  2.71844660e-01  1.47371054e-05  1.00000000e+00 
 1.48371054e-05  2.71844660e-01  1.48371054e-05  1.00000000e+00 
 1.49371054e-05  2.71844660e-01  1.49371054e-05  1.00000000e+00 
 1.50371054e-05  2.71844660e-01  1.50371054e-05  1.00000000e+00 
 1.51371054e-05  2.71844660e-01  1.51371054e-05  1.00000000e+00 
 1.52371054e-05  2.71844660e-01  1.52371054e-05  1.00000000e+00 
 1.53371054e-05  2.71844660e-01  1.53371054e-05  1.00000000e+00 
 1.54371054e-05  2.71844660e-01  1.54371054e-05  1.00000000e+00 
 1.55371054e-05  2.71844660e-01  1.55371054e-05  1.00000000e+00 
 1.56371054e-05  2.71844660e-01  1.56371054e-05  1.00000000e+00 
 1.57371054e-05  2.71844660e-01  1.57371054e-05  1.00000000e+00 
 1.58371054e-05  2.71844660e-01  1.58371054e-05  1.00000000e+00 
 1.59371054e-05  2.71844660e-01  1.59371054e-05  1.00000000e+00 
 1.60371054e-05  2.71844660e-01  1.60371054e-05  1.00000000e+00 
 1.61371054e-05  2.71844660e-01  1.61371054e-05  1.00000000e+00 
 1.62371054e-05  2.71844660e-01  1.62371054e-05  1.00000000e+00 
 1.63371054e-05  2.71844660e-01  1.63371054e-05  1.00000000e+00 
 1.64371054e-05  2.71844660e-01  1.64371054e-05  1.00000000e+00 
 1.65371054e-05  2.71844660e-01  1.65371054e-05  1.00000000e+00 
 1.66371054e-05  2.71844660e-01  1.66371054e-05  1.00000000e+00 
 1.67371054e-05  2.71844660e-01  1.67371054e-05  1.00000000e+00 
 1.68371054e-05  2.71844660e-01  1.68371054e-05  1.00000000e+00 
 1.69371054e-05  2.71844660e-01  1.69371054e-05  1.00000000e+00 
 1.70371054e-05  2.71844660e-01  1.70371054e-05  1.00000000e+00 
 1.71371054e-05  2.71844660e-01  1.71371054e-05  1.00000000e+00 
 1.72371054e-05  2.71844660e-01  1.72371054e-05  1.00000000e+00 
 1.73371054e-05  2.71844660e-01  1.73371054e-05  1.00000000e+00 
 1.74371054e-05  2.71844660e-01  1.74371054e-05  1.00000000e+00 
 1.75371054e-05  2.71844660e-01  1.75371054e-05  1.00000000e+00 
 1.76371054e-05  2.71844660e-01  1.76371054e-05  1.00000000e+00 
 1.77371054e-05  2.71844660e-01  1.77371054e-05  1.00000000e+00 
 1.78371054e-05  2.71844660e-01  1.78371054e-05  1.00000000e+00 
 1.79371054e-05  2.71844660e-01  1.79371054e-05  1.00000000e+00 
 1.80371054e-05  2.71844660e-01  1.80371054e-05  1.00000000e+00 
 1.81371054e-05  2.71844660e-01  1.81371054e-05  1.00000000e+00 
 1.82371054e-05  2.71844660e-01  1.82371054e-05  1.00000000e+00 
 1.83371054e-05  2.71844660e-01  1.83371054e-05  1.00000000e+00 
 1.84371054e-05  2.71844660e-01  1.84371054e-05  1.00000000e+00 
 1.85371054e-05  2.71844660e-01  1.85371054e-05  1.00000000e+00 
 1.86371054e-05  2.71844660e-01  1.86371054e-05  1.00000000e+00 
 1.87371054e-05  2.71844660e-01  1.87371054e-05  1.00000000e+00 
 1.88371054e-05  2.71844660e-01  1.88371054e-05  1.00000000e+00 
 1.89371054e-05  2.71844660e-01  1.89371054e-05  1.00000000e+00 
 1.90371054e-05  2.71844660e-01  1.90371054e-05  1.00000000e+00 
 1.91371054e-05  2.71844660e-01  1.91371054e-05  1.00000000e+00 
 1.92371054e-05  2.71844660e-01  1.92371054e-05  1.00000000e+00 
 1.93371054e-05  2.71844660e-01  1.93371054e-05  1.00000000e+00 
 1.94371054e-05  2.71844660e-01  1.94371054e-05  1.00000000e+00 
 1.95371054e-05  2.71844660e-01  1.95371054e-05  1.00000000e+00 
 1.96371054e-05  2.71844660e-01  1.96371054e-05  1.00000000e+00 
 1.97371054e-05  2.71844660e-01  1.97371054e-05  1.00000000e+00 
 1.98371054e-05  2.71844660e-01  1.98371054e-05  1.00000000e+00 
 1.99371054e-05  2.71844660e-01  1.99371054e-05  1.00000000e+00 
 2.00371054e-05  2.71844660e-01  2.00371054e-05  1.00000000e+00 
 2.01371054e-05  2.71844660e-01  2.01371054e-05  1.00000000e+00 
 2.02371054e-05  2.71844660e-01  2.02371054e-05  1.00000000e+00 
 2.03371054e-05  2.71844660e-01  2.03371054e-05  1.00000000e+00 
 2.04371054e-05  2.71844660e-01  2.04371054e-05  1.00000000e+00 
 2.05371054e-05  2.71844660e-01  2.05371054e-05  1.00000000e+00 
 2.06371054e-05  2.71844660e-01  2.06371054e-05  1.00000000e+00 
 2.07371054e-05  2.71844660e-01  2.07371054e-05  1.00000000e+00 
 2.08371054e-05  2.71844660e-01  2.08371054e-05  1.00000000e+00 
 2.09371054e-05  2.71844660e-01  2.09371054e-05  1.00000000e+00 
 2.10371054e-05  2.71844660e-01  2.10371054e-05  1.00000000e+00 
 2.11371054e-05  2.71844660e-01  2.11371054e-05  1.00000000e+00 
 2.12371054e-05  2.71844660e-01  2.12371054e-05  1.00000000e+00 
 2.13371054e-05  2.71844660e-01  2.13371054e-05  1.00000000e+00 
 2.14371054e-05  2.71844660e-01  2.14371054e-05  1.00000000e+00 
 2.15371054e-05  2.71844660e-01  2.15371054e-05  1.00000000e+00 
 2.16371054e-05  2.71844660e-01  2.16371054e-05  1.00000000e+00 
 2.17371054e-05  2.71844660e-01  2.17371054e-05  1.00000000e+00 
 2.18371054e-05  2.71844660e-01  2.18371054e-05  1.00000000e+00 
 2.19371054e-05  2.71844660e-01  2.19371054e-05  1.00000000e+00 
 2.20371054e-05  2.71844660e-01  2.20371054e-05  1.00000000e+00 
 2.21371054e-05  2.71844660e-01  2.21371054e-05  1.00000000e+00 
 2.22371054e-05  2.71844660e-01  2.22371054e-05  1.00000000e+00 
 2.23371054e-05  2.71844660e-01  2.23371054e-05  1.00000000e+00 
 2.24371054e-05  2.71844660e-01  2.24371054e-05  1.00000000e+00 
 2.25371054e-05  2.71844660e-01  2.25371054e-05  1.00000000e+00 
 2.26371054e-05  2.71844660e-01  2.26371054e-05  1.00000000e+00 
 2.27371054e-05  2.71844660e-01  2.27371054e-05  1.00000000e+00 
 2.28371054e-05  2.71844660e-01  2.28371054e-05  1.00000000e+00 
 2.29371054e-05  2.71844660e-01  2.29371054e-05  1.00000000e+00 
 2.30371054e-05  2.71844660e-01  2.30371054e-05  1.00000000e+00 
 2.31371054e-05  2.71844660e-01  2.31371054e-05  1.00000000e+00 
 2.32371054e-05  2.71844660e-01  2.32371054e-05  1.00000000e+00 
 2.33371054e-05  2.71844660e-01  2.33371054e-05  1.00000000e+00 
 2.34371054e-05  2.71844660e-01  2.34371054e-05  1.00000000e+00 
 2.35371054e-05  2.71844660e-01  2.35371054e-05  1.00000000e+00 
 2.36371054e-05  2.71844660e-01  2.36371054e-05  1.00000000e+00 
 2.37371054e-05  2.71844660e-01  2.37371054e-05  1.00000000e+00 
 2.38371054e-05  2.71844660e-01  2.38371054e-05  1.00000000e+00 
 2.39371054e-05  2.71844660e-01  2.39371054e-05  1.00000000e+00 
 2.40371054e-05  2.71844660e-01  2.40371054e-05  1.00000000e+00 
 2.41371054e-05  2.71844660e-01  2.41371054e-05  1.00000000e+00 
 2.42371054e-05  2.71844660e-01  2.42371054e-05  1.00000000e+00 
 2.43371054e-05  2.71844660e-01  2.43371054e-05  1.00000000e+00 
 2.44371054e-05  2.71844660e-01  2.44371054e-05  1.00000000e+00 
 2.45371054e-05  2.71844660e-01  2.45371054e-05  1.00000000e+00 
 2.46371054e-05  2.71844660e-01  2.46371054e-05  1.00000000e+00 
 2.47371054e-05  2.71844660e-01  2.47371054e-05  1.00000000e+00 
 2.48371054e-05  2.71844660e-01  2.48371054e-05  1.00000000e+00 
 2.49371054e-05  2.71844660e-01  2.49371054e-05  1.00000000e+00 
 2.50371054e-05  2.71844660e-01  2.50371054e-05  1.00000000e+00 
 2.51371054e-05  2.71844660e-01  2.51371054e-05  1.00000000e+00 
 2.52371054e-05  2.71844660e-01  2.52371054e-05  1.00000000e+00 
 2.53371054e-05  2.71844660e-01  2.53371054e-05  1.00000000e+00 
 2.54371054e-05  2.71844660e-01  2.54371054e-05  1.00000000e+00 
 2.55371054e-05  2.71844660e-01  2.55371054e-05  1.00000000e+00 
 2.56371054e-05  2.71844660e-01  2.56371054e-05  1.00000000e+00 
 2.57371054e-05  2.71844660e-01  2.57371054e-05  1.00000000e+00 
 2.58371054e-05  2.71844660e-01  2.58371054e-05  1.00000000e+00 
 2.59371054e-05  2.71844660e-01  2.59371054e-05  1.00000000e+00 
 2.60371054e-05  2.71844660e-01  2.60371054e-05  1.00000000e+00 
 2.61371054e-05  2.71844660e-01  2.61371054e-05  1.00000000e+00 
 2.62371054e-05  2.71844660e-01  2.62371054e-05  1.00000000e+00 
 2.63371054e-05  2.71844660e-01  2.63371054e-05  1.00000000e+00 
 2.64371054e-05  2.71844660e-01  2.64371054e-05  1.00000000e+00 
 2.65371054e-05  2.71844660e-01  2.65371054e-05  1.00000000e+00 
 2.66371054e-05  2.71844660e-01  2.66371054e-05  1.00000000e+00 
 2.67371054e-05  2.71844660e-01  2.67371054e-05  1.00000000e+00 
 2.68371054e-05  2.71844660e-01  2.68371054e-05  1.00000000e+00 
 2.69371054e-05  2.71844660e-01  2.69371054e-05  1.00000000e+00 
 2.70371054e-05  2.71844660e-01  2.70371054e-05  1.00000000e+00 
 2.71371054e-05  2.71844660e-01  2.71371054e-05  1.00000000e+00 
 2.72371054e-05  2.71844660e-01  2.72371054e-05  1.00000000e+00 
 2.73371054e-05  2.71844660e-01  2.73371054e-05  1.00000000e+00 
 2.74371054e-05  2.71844660e-01  2.74371054e-05  1.00000000e+00 
 2.75371054e-05  2.71844660e-01  2.75371054e-05  1.00000000e+00 
 2.76371054e-05  2.71844660e-01  2.76371054e-05  1.00000000e+00 
 2.77371054e-05  2.71844660e-01  2.77371054e-05  1.00000000e+00 
 2.78371054e-05  2.71844660e-01  2.78371054e-05  1.00000000e+00 
 2.79371054e-05  2.71844660e-01  2.79371054e-05  1.00000000e+00 
 2.80371054e-05  2.71844660e-01  2.80371054e-05  1.00000000e+00 
 2.81371054e-05  2.71844660e-01  2.81371054e-05  1.00000000e+00 
 2.82371054e-05  2.71844660e-01  2.82371054e-05  1.00000000e+00 
 2.83371054e-05  2.71844660e-01  2.83371054e-05  1.00000000e+00 
 2.84371054e-05  2.71844660e-01  2.84371054e-05  1.00000000e+00 
 2.85371054e-05  2.71844660e-01  2.85371054e-05  1.00000000e+00 
 2.86371054e-05  2.71844660e-01  2.86371054e-05  1.00000000e+00 
 2.87371054e-05  2.71844660e-01  2.87371054e-05  1.00000000e+00 
 2.88371054e-05  2.71844660e-01  2.88371054e-05  1.00000000e+00 
 2.89371054e-05  2.71844660e-01  2.89371054e-05  1.00000000e+00 
 2.90371054e-05  2.71844660e-01  2.90371054e-05  1.00000000e+00 
 2.91371054e-05  2.71844660e-01  2.91371054e-05  1.00000000e+00 
 2.92371054e-05  2.71844660e-01  2.92371054e-05  1.00000000e+00 
 2.93371054e-05  2.71844660e-01  2.93371054e-05  1.00000000e+00 
 2.94371054e-05  2.71844660e-01  2.94371054e-05  1.00000000e+00 
 2.95371054e-05  2.71844660e-01  2.95371054e-05  1.00000000e+00 
 2.96371054e-05  2.71844660e-01  2.96371054e-05  1.00000000e+00 
 2.97371054e-05  2.71844660e-01  2.97371054e-05  1.00000000e+00 
 2.98371054e-05  2.71844660e-01  2.98371054e-05  1.00000000e+00 
 2.99371054e-05  2.71844660e-01  2.99371054e-05  1.00000000e+00 
 3.00371054e-05  2.71844660e-01  3.00371054e-05  1.00000000e+00 
 3.01371054e-05  2.71844660e-01  3.01371054e-05  1.00000000e+00 
 3.02371054e-05  2.71844660e-01  3.02371054e-05  1.00000000e+00 
 3.03371054e-05  2.71844660e-01  3.03371054e-05  1.00000000e+00 
 3.04371054e-05  2.71844660e-01  3.04371054e-05  1.00000000e+00 
 3.05371054e-05  2.71844660e-01  3.05371054e-05  1.00000000e+00 
 3.06371054e-05  2.71844660e-01  3.06371054e-05  1.00000000e+00 
 3.07371054e-05  2.71844660e-01  3.07371054e-05  1.00000000e+00 
 3.08371054e-05  2.71844660e-01  3.08371054e-05  1.00000000e+00 
 3.09371054e-05  2.71844660e-01  3.09371054e-05  1.00000000e+00 
 3.10371054e-05  2.71844660e-01  3.10371054e-05  1.00000000e+00 
 3.11371054e-05  2.71844660e-01  3.11371054e-05  1.00000000e+00 
 3.12371054e-05  2.71844660e-01  3.12371054e-05  1.00000000e+00 
 3.13371054e-05  2.71844660e-01  3.13371054e-05  1.00000000e+00 
 3.14371054e-05  2.71844660e-01  3.14371054e-05  1.00000000e+00 
 3.15371054e-05  2.71844660e-01  3.15371054e-05  1.00000000e+00 
 3.16371054e-05  2.71844660e-01  3.16371054e-05  1.00000000e+00 
 3.17371054e-05  2.71844660e-01  3.17371054e-05  1.00000000e+00 
 3.18371054e-05  2.71844660e-01  3.18371054e-05  1.00000000e+00 
 3.19371054e-05  2.71844660e-01  3.19371054e-05  1.00000000e+00 
 3.20371054e-05  2.71844660e-01  3.20371054e-05  1.00000000e+00 
 3.21371054e-05  2.71844660e-01  3.21371054e-05  1.00000000e+00 
 3.22371054e-05  2.71844660e-01  3.22371054e-05  1.00000000e+00 
 3.23371054e-05  2.71844660e-01  3.23371054e-05  1.00000000e+00 
 3.24371054e-05  2.71844660e-01  3.24371054e-05  1.00000000e+00 
 3.25371054e-05  2.71844660e-01  3.25371054e-05  1.00000000e+00 
 3.26371054e-05  2.71844660e-01  3.26371054e-05  1.00000000e+00 
 3.27371054e-05  2.71844660e-01  3.27371054e-05  1.00000000e+00 
 3.28371054e-05  2.71844660e-01  3.28371054e-05  1.00000000e+00 
 3.29371054e-05  2.71844660e-01  3.29371054e-05  1.00000000e+00 
 3.30371054e-05  2.71844660e-01  3.30371054e-05  1.00000000e+00 
 3.31371054e-05  2.71844660e-01  3.31371054e-05  1.00000000e+00 
 3.32371054e-05  2.71844660e-01  3.32371054e-05  1.00000000e+00 
 3.33371054e-05  2.71844660e-01  3.33371054e-05  1.00000000e+00 
 3.34371054e-05  2.71844660e-01  3.34371054e-05  1.00000000e+00 
 3.35371054e-05  2.71844660e-01  3.35371054e-05  1.00000000e+00 
 3.36371054e-05  2.71844660e-01  3.36371054e-05  1.00000000e+00 
 3.37371054e-05  2.71844660e-01  3.37371054e-05  1.00000000e+00 
 3.38371054e-05  2.71844660e-01  3.38371054e-05  1.00000000e+00 
 3.39371054e-05  2.71844660e-01  3.39371054e-05  1.00000000e+00 
 3.40371054e-05  2.71844660e-01  3.40371054e-05  1.00000000e+00 
 3.41371054e-05  2.71844660e-01  3.41371054e-05  1.00000000e+00 
 3.42371054e-05  2.71844660e-01  3.42371054e-05  1.00000000e+00 
 3.43371054e-05  2.71844660e-01  3.43371054e-05  1.00000000e+00 
 3.44371054e-05  2.71844660e-01  3.44371054e-05  1.00000000e+00 
 3.45371054e-05  2.71844660e-01  3.45371054e-05  1.00000000e+00 
 3.46371054e-05  2.71844660e-01  3.46371054e-05  1.00000000e+00 
 3.47371054e-05  2.71844660e-01  3.47371054e-05  1.00000000e+00 
 3.48371054e-05  2.71844660e-01  3.48371054e-05  1.00000000e+00 
 3.49371054e-05  2.71844660e-01  3.49371054e-05  1.00000000e+00 
 3.50371054e-05  2.71844660e-01  3.50371054e-05  1.00000000e+00 
 3.51371054e-05  2.71844660e-01  3.51371054e-05  1.00000000e+00 
 3.52371054e-05  2.71844660e-01  3.52371054e-05  1.00000000e+00 
 3.53371054e-05  2.71844660e-01  3.53371054e-05  1.00000000e+00 
 3.54371054e-05  2.71844660e-01  3.54371054e-05  1.00000000e+00 
 3.55371054e-05  2.71844660e-01  3.55371054e-05  1.00000000e+00 
 3.56371054e-05  2.71844660e-01  3.56371054e-05  1.00000000e+00 
 3.57371054e-05  2.71844660e-01  3.57371054e-05  1.00000000e+00 
 3.58371054e-05  2.71844660e-01  3.58371054e-05  1.00000000e+00 
 3.59371054e-05  2.71844660e-01  3.59371054e-05  1.00000000e+00 
 3.60371054e-05  2.71844660e-01  3.60371054e-05  1.00000000e+00 
 3.61371054e-05  2.71844660e-01  3.61371054e-05  1.00000000e+00 
 3.62371054e-05  2.71844660e-01  3.62371054e-05  1.00000000e+00 
 3.63371054e-05  2.71844660e-01  3.63371054e-05  1.00000000e+00 
 3.64371054e-05  2.71844660e-01  3.64371054e-05  1.00000000e+00 
 3.65371054e-05  2.71844660e-01  3.65371054e-05  1.00000000e+00 
 3.66371054e-05  2.71844660e-01  3.66371054e-05  1.00000000e+00 
 3.67371054e-05  2.71844660e-01  3.67371054e-05  1.00000000e+00 
 3.68371054e-05  2.71844660e-01  3.68371054e-05  1.00000000e+00 
 3.69371054e-05  2.71844660e-01  3.69371054e-05  1.00000000e+00 
 3.70371054e-05  2.71844660e-01  3.70371054e-05  1.00000000e+00 
 3.71371054e-05  2.71844660e-01  3.71371054e-05  1.00000000e+00 
 3.72371054e-05  2.71844660e-01  3.72371054e-05  1.00000000e+00 
 3.73371054e-05  2.71844660e-01  3.73371054e-05  1.00000000e+00 
 3.74371054e-05  2.71844660e-01  3.74371054e-05  1.00000000e+00 
 3.75371054e-05  2.71844660e-01  3.75371054e-05  1.00000000e+00 
 3.76371054e-05  2.71844660e-01  3.76371054e-05  1.00000000e+00 
 3.77371054e-05  2.71844660e-01  3.77371054e-05  1.00000000e+00 
 3.78371054e-05  2.71844660e-01  3.78371054e-05  1.00000000e+00 
 3.79371054e-05  2.71844660e-01  3.79371054e-05  1.00000000e+00 
 3.80371054e-05  2.71844660e-01  3.80371054e-05  1.00000000e+00 
 3.81371054e-05  2.71844660e-01  3.81371054e-05  1.00000000e+00 
 3.82371054e-05  2.71844660e-01  3.82371054e-05  1.00000000e+00 
 3.83371054e-05  2.71844660e-01  3.83371054e-05  1.00000000e+00 
 3.84371054e-05  2.71844660e-01  3.84371054e-05  1.00000000e+00 
 3.85371054e-05  2.71844660e-01  3.85371054e-05  1.00000000e+00 
 3.86371054e-05  2.71844660e-01  3.86371054e-05  1.00000000e+00 
 3.87371054e-05  2.71844660e-01  3.87371054e-05  1.00000000e+00 
 3.88371054e-05  2.71844660e-01  3.88371054e-05  1.00000000e+00 
 3.89371054e-05  2.71844660e-01  3.89371054e-05  1.00000000e+00 
 3.90371054e-05  2.71844660e-01  3.90371054e-05  1.00000000e+00 
 3.91371054e-05  2.71844660e-01  3.91371054e-05  1.00000000e+00 
 3.92371054e-05  2.71844660e-01  3.92371054e-05  1.00000000e+00 
 3.93371054e-05  2.71844660e-01  3.93371054e-05  1.00000000e+00 
 3.94371054e-05  2.71844660e-01  3.94371054e-05  1.00000000e+00 
 3.95371054e-05  2.71844660e-01  3.95371054e-05  1.00000000e+00 
 3.96371054e-05  2.71844660e-01  3.96371054e-05  1.00000000e+00 
 3.97371054e-05  2.71844660e-01  3.97371054e-05  1.00000000e+00 
 3.98371054e-05  2.71844660e-01  3.98371054e-05  1.00000000e+00 
 3.99371054e-05  2.71844660e-01  3.99371054e-05  1.00000000e+00 
 4.00371054e-05  2.71844660e-01  4.00371054e-05  1.00000000e+00 
 4.01371054e-05  2.71844660e-01  4.01371054e-05  1.00000000e+00 
 4.02371054e-05  2.71844660e-01  4.02371054e-05  1.00000000e+00 
 4.03371054e-05  2.71844660e-01  4.03371054e-05  1.00000000e+00 
 4.04371054e-05  2.71844660e-01  4.04371054e-05  1.00000000e+00 
 4.05371054e-05  2.71844660e-01  4.05371054e-05  1.00000000e+00 
 4.06371054e-05  2.71844660e-01  4.06371054e-05  1.00000000e+00 
 4.07371054e-05  2.71844660e-01  4.07371054e-05  1.00000000e+00 
 4.08371054e-05  2.71844660e-01  4.08371054e-05  1.00000000e+00 
 4.09371054e-05  2.71844660e-01  4.09371054e-05  1.00000000e+00 
 4.10371054e-05  2.71844660e-01  4.10371054e-05  1.00000000e+00 
 4.11371054e-05  2.71844660e-01  4.11371054e-05  1.00000000e+00 
 4.12371054e-05  2.71844660e-01  4.12371054e-05  1.00000000e+00 
 4.13371054e-05  2.71844660e-01  4.13371054e-05  1.00000000e+00 
 4.14371054e-05  2.71844660e-01  4.14371054e-05  1.00000000e+00 
 4.15371054e-05  2.71844660e-01  4.15371054e-05  1.00000000e+00 
 4.16371054e-05  2.71844660e-01  4.16371054e-05  1.00000000e+00 
 4.17371054e-05  2.71844660e-01  4.17371054e-05  1.00000000e+00 
 4.18371054e-05  2.71844660e-01  4.18371054e-05  1.00000000e+00 
 4.19371054e-05  2.71844660e-01  4.19371054e-05  1.00000000e+00 
 4.20371054e-05  2.71844660e-01  4.20371054e-05  1.00000000e+00 
 4.21371054e-05  2.71844660e-01  4.21371054e-05  1.00000000e+00 
 4.22371054e-05  2.71844660e-01  4.22371054e-05  1.00000000e+00 
 4.23371054e-05  2.71844660e-01  4.23371054e-05  1.00000000e+00 
 4.24371054e-05  2.71844660e-01  4.24371054e-05  1.00000000e+00 
 4.25371054e-05  2.71844660e-01  4.25371054e-05  1.00000000e+00 
 4.26371054e-05  2.71844660e-01  4.26371054e-05  1.00000000e+00 
 4.27371054e-05  2.71844660e-01  4.27371054e-05  1.00000000e+00 
 4.28371054e-05  2.71844660e-01  4.28371054e-05  1.00000000e+00 
 4.29371054e-05  2.71844660e-01  4.29371054e-05  1.00000000e+00 
 4.30371054e-05  2.71844660e-01  4.30371054e-05  1.00000000e+00 
 4.31371054e-05  2.71844660e-01  4.31371054e-05  1.00000000e+00 
 4.32371054e-05  2.71844660e-01  4.32371054e-05  1.00000000e+00 
 4.33371054e-05  2.71844660e-01  4.33371054e-05  1.00000000e+00 
 4.34371054e-05  2.71844660e-01  4.34371054e-05  1.00000000e+00 
 4.35371054e-05  2.71844660e-01  4.35371054e-05  1.00000000e+00 
 4.36371054e-05  2.71844660e-01  4.36371054e-05  1.00000000e+00 
 4.37371054e-05  2.71844660e-01  4.37371054e-05  1.00000000e+00 
 4.38371054e-05  2.71844660e-01  4.38371054e-05  1.00000000e+00 
 4.39371054e-05  2.71844660e-01  4.39371054e-05  1.00000000e+00 
 4.40371054e-05  2.71844660e-01  4.40371054e-05  1.00000000e+00 
 4.41371054e-05  2.71844660e-01  4.41371054e-05  1.00000000e+00 
 4.42371054e-05  2.71844660e-01  4.42371054e-05  1.00000000e+00 
 4.43371054e-05  2.71844660e-01  4.43371054e-05  1.00000000e+00 
 4.44371054e-05  2.71844660e-01  4.44371054e-05  1.00000000e+00 
 4.45371054e-05  2.71844660e-01  4.45371054e-05  1.00000000e+00 
 4.46371054e-05  2.71844660e-01  4.46371054e-05  1.00000000e+00 
 4.47371054e-05  2.71844660e-01  4.47371054e-05  1.00000000e+00 
 4.48371054e-05  2.71844660e-01  4.48371054e-05  1.00000000e+00 
 4.49371054e-05  2.71844660e-01  4.49371054e-05  1.00000000e+00 
 4.50371054e-05  2.71844660e-01  4.50371054e-05  1.00000000e+00 
 4.51371054e-05  2.71844660e-01  4.51371054e-05  1.00000000e+00 
 4.52371054e-05  2.71844660e-01  4.52371054e-05  1.00000000e+00 
 4.53371054e-05  2.71844660e-01  4.53371054e-05  1.00000000e+00 
 4.54371054e-05  2.71844660e-01  4.54371054e-05  1.00000000e+00 
 4.55371054e-05  2.71844660e-01  4.55371054e-05  1.00000000e+00 
 4.56371054e-05  2.71844660e-01  4.56371054e-05  1.00000000e+00 
 4.57371054e-05  2.71844660e-01  4.57371054e-05  1.00000000e+00 
 4.58371054e-05  2.71844660e-01  4.58371054e-05  1.00000000e+00 
 4.59371054e-05  2.71844660e-01  4.59371054e-05  1.00000000e+00 
 4.60371054e-05  2.71844660e-01  4.60371054e-05  1.00000000e+00 
 4.61371054e-05  2.71844660e-01  4.61371054e-05  1.00000000e+00 
 4.62371054e-05  2.71844660e-01  4.62371054e-05  1.00000000e+00 
 4.63371054e-05  2.71844660e-01  4.63371054e-05  1.00000000e+00 
 4.64371054e-05  2.71844660e-01  4.64371054e-05  1.00000000e+00 
 4.65371054e-05  2.71844660e-01  4.65371054e-05  1.00000000e+00 
 4.66371054e-05  2.71844660e-01  4.66371054e-05  1.00000000e+00 
 4.67371054e-05  2.71844660e-01  4.67371054e-05  1.00000000e+00 
 4.68371054e-05  2.71844660e-01  4.68371054e-05  1.00000000e+00 
 4.69371054e-05  2.71844660e-01  4.69371054e-05  1.00000000e+00 
 4.70371054e-05  2.71844660e-01  4.70371054e-05  1.00000000e+00 
 4.71371054e-05  2.71844660e-01  4.71371054e-05  1.00000000e+00 
 4.72371054e-05  2.71844660e-01  4.72371054e-05  1.00000000e+00 
 4.73371054e-05  2.71844660e-01  4.73371054e-05  1.00000000e+00 
 4.74371054e-05  2.71844660e-01  4.74371054e-05  1.00000000e+00 
 4.75371054e-05  2.71844660e-01  4.75371054e-05  1.00000000e+00 
 4.76371054e-05  2.71844660e-01  4.76371054e-05  1.00000000e+00 
 4.77371054e-05  2.71844660e-01  4.77371054e-05  1.00000000e+00 
 4.78371054e-05  2.71844660e-01  4.78371054e-05  1.00000000e+00 
 4.79371054e-05  2.71844660e-01  4.79371054e-05  1.00000000e+00 
 4.80371054e-05  2.71844660e-01  4.80371054e-05  1.00000000e+00 
 4.81371054e-05  2.71844660e-01  4.81371054e-05  1.00000000e+00 
 4.82371054e-05  2.71844660e-01  4.82371054e-05  1.00000000e+00 
 4.83371054e-05  2.71844660e-01  4.83371054e-05  1.00000000e+00 
 4.84371054e-05  2.71844660e-01  4.84371054e-05  1.00000000e+00 
 4.85371054e-05  2.71844660e-01  4.85371054e-05  1.00000000e+00 
 4.86371054e-05  2.71844660e-01  4.86371054e-05  1.00000000e+00 
 4.87371054e-05  2.71844660e-01  4.87371054e-05  1.00000000e+00 
 4.88371054e-05  2.71844660e-01  4.88371054e-05  1.00000000e+00 
 4.89371054e-05  2.71844660e-01  4.89371054e-05  1.00000000e+00 
 4.90371054e-05  2.71844660e-01  4.90371054e-05  1.00000000e+00 
 4.91371054e-05  2.71844660e-01  4.91371054e-05  1.00000000e+00 
 4.92371054e-05  2.71844660e-01  4.92371054e-05  1.00000000e+00 
 4.93371054e-05  2.71844660e-01  4.93371054e-05  1.00000000e+00 
 4.94371054e-05  2.71844660e-01  4.94371054e-05  1.00000000e+00 
 4.95371054e-05  2.71844660e-01  4.95371054e-05  1.00000000e+00 
 4.96371054e-05  2.71844660e-01  4.96371054e-05  1.00000000e+00 
 4.97371054e-05  2.71844660e-01  4.97371054e-05  1.00000000e+00 
 4.98371054e-05  2.71844660e-01  4.98371054e-05  1.00000000e+00 
 4.99371054e-05  2.71844660e-01  4.99371054e-05  1.00000000e+00 
 5.00371054e-05  2.71844660e-01  5.00371054e-05  1.00000000e+00 
 5.01371054e-05  2.71844660e-01  5.01371054e-05  1.00000000e+00 
 5.02371054e-05  2.71844660e-01  5.02371054e-05  1.00000000e+00 
 5.03371054e-05  2.71844660e-01  5.03371054e-05  1.00000000e+00 
 5.04371054e-05  2.71844660e-01  5.04371054e-05  1.00000000e+00 
 5.05371054e-05  2.71844660e-01  5.05371054e-05  1.00000000e+00 
 5.06371054e-05  2.71844660e-01  5.06371054e-05  1.00000000e+00 
 5.07371054e-05  2.71844660e-01  5.07371054e-05  1.00000000e+00 
 5.08371054e-05  2.71844660e-01  5.08371054e-05  1.00000000e+00 
 5.09371054e-05  2.71844660e-01  5.09371054e-05  1.00000000e+00 
 5.10010000e-05  2.71844660e-01  5.10010000e-05  1.00000000e+00 
 5.10011000e-05  2.46694027e-01  5.10011000e-05  9.00000000e-01 
 5.10013000e-05  1.96389368e-01  5.10013000e-05  7.00000000e-01 
 5.10017000e-05  9.57597387e-02  5.10017000e-05  3.00000000e-01 
 5.10020000e-05  2.02697796e-02  5.10020000e-05  0.00000000e+00 
 5.10020053e-05  2.02688802e-02  5.10020053e-05  0.00000000e+00 
 5.10020160e-05  2.02670813e-02  5.10020160e-05  0.00000000e+00 
 5.10020372e-05  2.02634840e-02  5.10020372e-05  0.00000000e+00 
 5.10020798e-05  2.02562913e-02  5.10020798e-05  0.00000000e+00 
 5.10021649e-05  2.02419136e-02  5.10021649e-05  0.00000000e+00 
 5.10023351e-05  2.02131889e-02  5.10023351e-05  0.00000000e+00 
 5.10026755e-05  2.01558616e-02  5.10026755e-05  0.00000000e+00 
 5.10033563e-05  2.00416941e-02  5.10033563e-05  0.00000000e+00 
 5.10047178e-05  1.98152936e-02  5.10047178e-05  0.00000000e+00 
 5.10074410e-05  1.93701222e-02  5.10074410e-05  0.00000000e+00 
 5.10128872e-05  1.85094497e-02  5.10128872e-05  0.00000000e+00 
 5.10237798e-05  1.69003380e-02  5.10237798e-05  0.00000000e+00 
 5.10455649e-05  1.40842955e-02  5.10455649e-05  0.00000000e+00 
 5.10891351e-05  9.75163254e-03  5.10891351e-05  0.00000000e+00 
 5.11762755e-05  4.55176705e-03  5.11762755e-05  0.00000000e+00 
 5.12602999e-05  2.18889191e-03  5.12602999e-05  0.00000000e+00 
 5.13505680e-05  9.91275842e-04  5.13505680e-05  0.00000000e+00 
 5.14505680e-05  4.07656247e-04  5.14505680e-05  0.00000000e+00 
 5.15505680e-05  1.67646188e-04  5.15505680e-05  0.00000000e+00 
 5.16505680e-05  6.89434896e-05  5.16505680e-05  0.00000000e+00 
 5.17505680e-05  2.83525968e-05  5.17505680e-05  0.00000000e+00 
 5.18505680e-05  1.16598354e-05  5.18505680e-05  0.00000000e+00 
 5.19505680e-05  4.79503743e-06  5.19505680e-05  0.00000000e+00 
 5.20505680e-05  1.97193039e-06  5.20505680e-05  0.00000000e+00 
 5.21505680e-05  8.10944553e-07  5.21505680e-05  0.00000000e+00 
 5.22505680e-05  3.33496085e-07  5.22505680e-05  0.00000000e+00 
 5.23505680e-05  1.37148266e-07  5.23505680e-05  0.00000000e+00 
 5.24505680e-05  5.64014021e-08  5.24505680e-05  0.00000000e+00 
 5.25505680e-05  2.31947385e-08  5.25505680e-05  0.00000000e+00 
 5.26505680e-05  9.53869714e-09  5.26505680e-05  0.00000000e+00 
 5.27505680e-05  3.92273201e-09  5.27505680e-05  0.00000000e+00 
 5.28505680e-05  1.61320002e-09  5.28505680e-05  0.00000000e+00 
 5.29505680e-05  6.63418838e-10  5.29505680e-05  0.00000000e+00 
 5.30505680e-05  2.72827020e-10  5.30505680e-05  0.00000000e+00 
 5.31505680e-05  1.12198476e-10  5.31505680e-05  0.00000000e+00 
 5.32505680e-05  4.61409507e-11  5.32505680e-05  0.00000000e+00 
 5.33505680e-05  1.89751894e-11  5.33505680e-05  0.00000000e+00 
 5.34505680e-05  7.80343286e-12  5.34505680e-05  0.00000000e+00 
 5.35505680e-05  3.20911498e-12  5.35505680e-05  0.00000000e+00 
 5.36505680e-05  1.31972930e-12  5.36505680e-05  0.00000000e+00 
 5.37505680e-05  5.42730761e-13  5.37505680e-05  0.00000000e+00 
 5.38505680e-05  2.23194772e-13  5.38505680e-05  0.00000000e+00 
 5.39505680e-05  9.17875119e-14  5.39505680e-05  0.00000000e+00 
 5.40505680e-05  3.77470640e-14  5.40505680e-05  0.00000000e+00 
 5.41505680e-05  1.55232538e-14  5.41505680e-05  0.00000000e+00 
 5.42505680e-05  6.38384504e-15  5.42505680e-05  0.00000000e+00 
 5.43505680e-05  2.62531800e-15  5.43505680e-05  0.00000000e+00 
 5.44505680e-05  1.07964629e-15  5.44505680e-05  0.00000000e+00 
 5.45505680e-05  4.43998064e-16  5.45505680e-05  0.00000000e+00 
 5.46505680e-05  1.82591542e-16  5.46505680e-05  0.00000000e+00 
 5.47505680e-05  7.50896769e-17  5.47505680e-05  0.00000000e+00 
 5.48505680e-05  3.08801795e-17  5.48505680e-05  0.00000000e+00 
 5.49505680e-05  1.26992887e-17  5.49505680e-05  0.00000000e+00 
 5.50505680e-05  5.22250633e-18  5.50505680e-05  0.00000000e+00 
 5.51505680e-05  2.14772442e-18  5.51505680e-05  0.00000000e+00 
 5.52505680e-05  8.83238791e-19  5.52505680e-05  0.00000000e+00 
 5.53505680e-05  3.63226658e-19  5.53505680e-05  0.00000000e+00 
 5.54505680e-05  1.49374785e-19  5.54505680e-05  0.00000000e+00 
 5.55505680e-05  6.14294850e-20  5.55505680e-05  0.00000000e+00 
 5.56505680e-05  2.52625074e-20  5.56505680e-05  0.00000000e+00 
 5.57505680e-05  1.03890547e-20  5.57505680e-05  0.00000000e+00 
 5.58505680e-05  4.27243647e-21  5.58505680e-05  0.00000000e+00 
 5.59505680e-05  1.75701388e-21  5.59505680e-05  0.00000000e+00 
 5.60505680e-05  7.22561427e-22  5.60505680e-05  0.00000000e+00 
 5.61505680e-05  2.97149055e-22  5.61505680e-05  0.00000000e+00 
 5.62505680e-05  1.22200767e-22  5.62505680e-05  0.00000000e+00 
 5.63505680e-05  5.02543330e-23  5.63505680e-05  0.00000000e+00 
 5.64505680e-05  2.06667931e-23  5.64505680e-05  0.00000000e+00 
 5.65505680e-05  8.49909482e-24  5.65505680e-05  0.00000000e+00 
 5.66505680e-05  3.49520182e-24  5.66505680e-05  0.00000000e+00 
 5.67505680e-05  1.43738086e-24  5.67505680e-05  0.00000000e+00 
 5.68505680e-05  5.91114250e-25  5.68505680e-05  0.00000000e+00 
 5.69505680e-05  2.43092068e-25  5.69505680e-05  0.00000000e+00 
 5.70505680e-05  9.99700588e-26  5.70505680e-05  0.00000000e+00 
 5.71505680e-05  4.11120405e-26  5.71505680e-05  0.00000000e+00 
 5.72505680e-05  1.69070687e-26  5.72505680e-05  0.00000000e+00 
 5.73505680e-05  6.95300528e-27  5.73505680e-05  0.00000000e+00 
 5.74505680e-05  2.85945792e-27  5.74505680e-05  0.00000000e+00 
 5.75505680e-05  1.17585996e-27  5.75505680e-05  0.00000000e+00 
 5.76505680e-05  4.83463679e-28  5.76505680e-05  0.00000000e+00 
 5.77505680e-05  1.98818297e-28  5.77505680e-05  0.00000000e+00 
 5.78505680e-05  8.17813634e-29  5.78505680e-05  0.00000000e+00 
 5.79505680e-05  3.35216896e-29  5.79505680e-05  0.00000000e+00 
 5.80505680e-05  1.38710440e-29  5.80505680e-05  0.00000000e+00 
 5.81505680e-05  5.77960166e-30  5.81505680e-05  0.00000000e+00 
 5.82505680e-05  2.31184066e-30  5.82505680e-05  0.00000000e+00 
 5.83505680e-05  8.66940248e-31  5.83505680e-05  0.00000000e+00 
 5.84505680e-05  2.88980083e-31  5.84505680e-05  0.00000000e+00 
 5.85505680e-05  0.00000000e+00  5.85505680e-05  0.00000000e+00 
 5.86505680e-05  0.00000000e+00  5.86505680e-05  0.00000000e+00 
 5.87505680e-05  0.00000000e+00  5.87505680e-05  0.00000000e+00 
 5.88505680e-05  0.00000000e+00  5.88505680e-05  0.00000000e+00 
 5.89505680e-05  0.00000000e+00  5.89505680e-05  0.00000000e+00 
 5.90505680e-05  0.00000000e+00  5.90505680e-05  0.00000000e+00 
 5.91505680e-05  0.00000000e+00  5.91505680e-05  0.00000000e+00 
 5.92505680e-05  0.00000000e+00  5.92505680e-05  0.00000000e+00 
 5.93505680e-05  0.00000000e+00  5.93505680e-05  0.00000000e+00 
 5.94505680e-05  0.00000000e+00  5.94505680e-05  0.00000000e+00 
 5.95505680e-05  0.00000000e+00  5.95505680e-05  0.00000000e+00 
 5.96505680e-05  0.00000000e+00  5.96505680e-05  0.00000000e+00 
 5.97505680e-05  0.00000000e+00  5.97505680e-05  0.00000000e+00 
 5.98505680e-05  0.00000000e+00  5.98505680e-05  0.00000000e+00 
 5.99505680e-05  0.00000000e+00  5.99505680e-05  0.00000000e+00 
 6.00505680e-05  0.00000000e+00  6.00505680e-05  0.00000000e+00 
 6.01505680e-05  0.00000000e+00  6.01505680e-05  0.00000000e+00 
 6.02505680e-05  0.00000000e+00  6.02505680e-05  0.00000000e+00 
 6.03505680e-05  0.00000000e+00  6.03505680e-05  0.00000000e+00 
 6.04505680e-05  0.00000000e+00  6.04505680e-05  0.00000000e+00 
 6.05505680e-05  0.00000000e+00  6.05505680e-05  0.00000000e+00 
 6.06505680e-05  0.00000000e+00  6.06505680e-05  0.00000000e+00 
 6.07505680e-05  0.00000000e+00  6.07505680e-05  0.00000000e+00 
 6.08505680e-05  0.00000000e+00  6.08505680e-05  0.00000000e+00 
 6.09505680e-05  0.00000000e+00  6.09505680e-05  0.00000000e+00 
 6.10505680e-05  0.00000000e+00  6.10505680e-05  0.00000000e+00 
 6.11505680e-05  0.00000000e+00  6.11505680e-05  0.00000000e+00 
 6.12505680e-05  0.00000000e+00  6.12505680e-05  0.00000000e+00 
 6.13505680e-05  0.00000000e+00  6.13505680e-05  0.00000000e+00 
 6.14505680e-05  0.00000000e+00  6.14505680e-05  0.00000000e+00 
 6.15505680e-05  0.00000000e+00  6.15505680e-05  0.00000000e+00 
 6.16505680e-05  0.00000000e+00  6.16505680e-05  0.00000000e+00 
 6.17505680e-05  0.00000000e+00  6.17505680e-05  0.00000000e+00 
 6.18505680e-05  0.00000000e+00  6.18505680e-05  0.00000000e+00 
 6.19505680e-05  0.00000000e+00  6.19505680e-05  0.00000000e+00 
 6.20505680e-05  0.00000000e+00  6.20505680e-05  0.00000000e+00 
 6.21505680e-05  0.00000000e+00  6.21505680e-05  0.00000000e+00 
 6.22505680e-05  0.00000000e+00  6.22505680e-05  0.00000000e+00 
 6.23505680e-05  0.00000000e+00  6.23505680e-05  0.00000000e+00 
 6.24505680e-05  0.00000000e+00  6.24505680e-05  0.00000000e+00 
 6.25505680e-05  0.00000000e+00  6.25505680e-05  0.00000000e+00 
 6.26505680e-05  0.00000000e+00  6.26505680e-05  0.00000000e+00 
 6.27505680e-05  0.00000000e+00  6.27505680e-05  0.00000000e+00 
 6.28505680e-05  0.00000000e+00  6.28505680e-05  0.00000000e+00 
 6.29505680e-05  0.00000000e+00  6.29505680e-05  0.00000000e+00 
 6.30505680e-05  0.00000000e+00  6.30505680e-05  0.00000000e+00 
 6.31505680e-05  0.00000000e+00  6.31505680e-05  0.00000000e+00 
 6.32505680e-05  0.00000000e+00  6.32505680e-05  0.00000000e+00 
 6.33505680e-05  0.00000000e+00  6.33505680e-05  0.00000000e+00 
 6.34505680e-05  0.00000000e+00  6.34505680e-05  0.00000000e+00 
 6.35505680e-05  0.00000000e+00  6.35505680e-05  0.00000000e+00 
 6.36505680e-05  0.00000000e+00  6.36505680e-05  0.00000000e+00 
 6.37505680e-05  0.00000000e+00  6.37505680e-05  0.00000000e+00 
 6.38505680e-05  0.00000000e+00  6.38505680e-05  0.00000000e+00 
 6.39505680e-05  0.00000000e+00  6.39505680e-05  0.00000000e+00 
 6.40505680e-05  0.00000000e+00  6.40505680e-05  0.00000000e+00 
 6.41505680e-05  0.00000000e+00  6.41505680e-05  0.00000000e+00 
 6.42505680e-05  0.00000000e+00  6.42505680e-05  0.00000000e+00 
 6.43505680e-05  0.00000000e+00  6.43505680e-05  0.00000000e+00 
 6.44505680e-05  0.00000000e+00  6.44505680e-05  0.00000000e+00 
 6.45505680e-05  0.00000000e+00  6.45505680e-05  0.00000000e+00 
 6.46505680e-05  0.00000000e+00  6.46505680e-05  0.00000000e+00 
 6.47505680e-05  0.00000000e+00  6.47505680e-05  0.00000000e+00 
 6.48505680e-05  0.00000000e+00  6.48505680e-05  0.00000000e+00 
 6.49505680e-05  0.00000000e+00  6.49505680e-05  0.00000000e+00 
 6.50505680e-05  0.00000000e+00  6.50505680e-05  0.00000000e+00 
 6.51505680e-05  0.00000000e+00  6.51505680e-05  0.00000000e+00 
 6.52505680e-05  0.00000000e+00  6.52505680e-05  0.00000000e+00 
 6.53505680e-05  0.00000000e+00  6.53505680e-05  0.00000000e+00 
 6.54505680e-05  0.00000000e+00  6.54505680e-05  0.00000000e+00 
 6.55505680e-05  0.00000000e+00  6.55505680e-05  0.00000000e+00 
 6.56505680e-05  0.00000000e+00  6.56505680e-05  0.00000000e+00 
 6.57505680e-05  0.00000000e+00  6.57505680e-05  0.00000000e+00 
 6.58505680e-05  0.00000000e+00  6.58505680e-05  0.00000000e+00 
 6.59505680e-05  0.00000000e+00  6.59505680e-05  0.00000000e+00 
 6.60505680e-05  0.00000000e+00  6.60505680e-05  0.00000000e+00 
 6.61505680e-05  0.00000000e+00  6.61505680e-05  0.00000000e+00 
 6.62505680e-05  0.00000000e+00  6.62505680e-05  0.00000000e+00 
 6.63505680e-05  0.00000000e+00  6.63505680e-05  0.00000000e+00 
 6.64505680e-05  0.00000000e+00  6.64505680e-05  0.00000000e+00 
 6.65505680e-05  0.00000000e+00  6.65505680e-05  0.00000000e+00 
 6.66505680e-05  0.00000000e+00  6.66505680e-05  0.00000000e+00 
 6.67505680e-05  0.00000000e+00  6.67505680e-05  0.00000000e+00 
 6.68505680e-05  0.00000000e+00  6.68505680e-05  0.00000000e+00 
 6.69505680e-05  0.00000000e+00  6.69505680e-05  0.00000000e+00 
 6.70505680e-05  0.00000000e+00  6.70505680e-05  0.00000000e+00 
 6.71505680e-05  0.00000000e+00  6.71505680e-05  0.00000000e+00 
 6.72505680e-05  0.00000000e+00  6.72505680e-05  0.00000000e+00 
 6.73505680e-05  0.00000000e+00  6.73505680e-05  0.00000000e+00 
 6.74505680e-05  0.00000000e+00  6.74505680e-05  0.00000000e+00 
 6.75505680e-05  0.00000000e+00  6.75505680e-05  0.00000000e+00 
 6.76505680e-05  0.00000000e+00  6.76505680e-05  0.00000000e+00 
 6.77505680e-05  0.00000000e+00  6.77505680e-05  0.00000000e+00 
 6.78505680e-05  0.00000000e+00  6.78505680e-05  0.00000000e+00 
 6.79505680e-05  0.00000000e+00  6.79505680e-05  0.00000000e+00 
 6.80505680e-05  0.00000000e+00  6.80505680e-05  0.00000000e+00 
 6.81505680e-05  0.00000000e+00  6.81505680e-05  0.00000000e+00 
 6.82505680e-05  0.00000000e+00  6.82505680e-05  0.00000000e+00 
 6.83505680e-05  0.00000000e+00  6.83505680e-05  0.00000000e+00 
 6.84505680e-05  0.00000000e+00  6.84505680e-05  0.00000000e+00 
 6.85505680e-05  0.00000000e+00  6.85505680e-05  0.00000000e+00 
 6.86505680e-05  0.00000000e+00  6.86505680e-05  0.00000000e+00 
 6.87505680e-05  0.00000000e+00  6.87505680e-05  0.00000000e+00 
 6.88505680e-05  0.00000000e+00  6.88505680e-05  0.00000000e+00 
 6.89505680e-05  0.00000000e+00  6.89505680e-05  0.00000000e+00 
 6.90505680e-05  0.00000000e+00  6.90505680e-05  0.00000000e+00 
 6.91505680e-05  0.00000000e+00  6.91505680e-05  0.00000000e+00 
 6.92505680e-05  0.00000000e+00  6.92505680e-05  0.00000000e+00 
 6.93505680e-05  0.00000000e+00  6.93505680e-05  0.00000000e+00 
 6.94505680e-05  0.00000000e+00  6.94505680e-05  0.00000000e+00 
 6.95505680e-05  0.00000000e+00  6.95505680e-05  0.00000000e+00 
 6.96505680e-05  0.00000000e+00  6.96505680e-05  0.00000000e+00 
 6.97505680e-05  0.00000000e+00  6.97505680e-05  0.00000000e+00 
 6.98505680e-05  0.00000000e+00  6.98505680e-05  0.00000000e+00 
 6.99505680e-05  0.00000000e+00  6.99505680e-05  0.00000000e+00 
 7.00505680e-05  0.00000000e+00  7.00505680e-05  0.00000000e+00 
 7.01505680e-05  0.00000000e+00  7.01505680e-05  0.00000000e+00 
 7.02505680e-05  0.00000000e+00  7.02505680e-05  0.00000000e+00 
 7.03505680e-05  0.00000000e+00  7.03505680e-05  0.00000000e+00 
 7.04505680e-05  0.00000000e+00  7.04505680e-05  0.00000000e+00 
 7.05505680e-05  0.00000000e+00  7.05505680e-05  0.00000000e+00 
 7.06505680e-05  0.00000000e+00  7.06505680e-05  0.00000000e+00 
 7.07505680e-05  0.00000000e+00  7.07505680e-05  0.00000000e+00 
 7.08505680e-05  0.00000000e+00  7.08505680e-05  0.00000000e+00 
 7.09505680e-05  0.00000000e+00  7.09505680e-05  0.00000000e+00 
 7.10505680e-05  0.00000000e+00  7.10505680e-05  0.00000000e+00 
 7.11505680e-05  0.00000000e+00  7.11505680e-05  0.00000000e+00 
 7.12505680e-05  0.00000000e+00  7.12505680e-05  0.00000000e+00 
 7.13505680e-05  0.00000000e+00  7.13505680e-05  0.00000000e+00 
 7.14505680e-05  0.00000000e+00  7.14505680e-05  0.00000000e+00 
 7.15505680e-05  0.00000000e+00  7.15505680e-05  0.00000000e+00 
 7.16505680e-05  0.00000000e+00  7.16505680e-05  0.00000000e+00 
 7.17505680e-05  0.00000000e+00  7.17505680e-05  0.00000000e+00 
 7.18505680e-05  0.00000000e+00  7.18505680e-05  0.00000000e+00 
 7.19505680e-05  0.00000000e+00  7.19505680e-05  0.00000000e+00 
 7.20505680e-05  0.00000000e+00  7.20505680e-05  0.00000000e+00 
 7.21505680e-05  0.00000000e+00  7.21505680e-05  0.00000000e+00 
 7.22505680e-05  0.00000000e+00  7.22505680e-05  0.00000000e+00 
 7.23505680e-05  0.00000000e+00  7.23505680e-05  0.00000000e+00 
 7.24505680e-05  0.00000000e+00  7.24505680e-05  0.00000000e+00 
 7.25505680e-05  0.00000000e+00  7.25505680e-05  0.00000000e+00 
 7.26505680e-05  0.00000000e+00  7.26505680e-05  0.00000000e+00 
 7.27505680e-05  0.00000000e+00  7.27505680e-05  0.00000000e+00 
 7.28505680e-05  0.00000000e+00  7.28505680e-05  0.00000000e+00 
 7.29505680e-05  0.00000000e+00  7.29505680e-05  0.00000000e+00 
 7.30505680e-05  0.00000000e+00  7.30505680e-05  0.00000000e+00 
 7.31505680e-05  0.00000000e+00  7.31505680e-05  0.00000000e+00 
 7.32505680e-05  0.00000000e+00  7.32505680e-05  0.00000000e+00 
 7.33505680e-05  0.00000000e+00  7.33505680e-05  0.00000000e+00 
 7.34505680e-05  0.00000000e+00  7.34505680e-05  0.00000000e+00 
 7.35505680e-05  0.00000000e+00  7.35505680e-05  0.00000000e+00 
 7.36505680e-05  0.00000000e+00  7.36505680e-05  0.00000000e+00 
 7.37505680e-05  0.00000000e+00  7.37505680e-05  0.00000000e+00 
 7.38505680e-05  0.00000000e+00  7.38505680e-05  0.00000000e+00 
 7.39505680e-05  0.00000000e+00  7.39505680e-05  0.00000000e+00 
 7.40505680e-05  0.00000000e+00  7.40505680e-05  0.00000000e+00 
 7.41505680e-05  0.00000000e+00  7.41505680e-05  0.00000000e+00 
 7.42505680e-05  0.00000000e+00  7.42505680e-05  0.00000000e+00 
 7.43505680e-05  0.00000000e+00  7.43505680e-05  0.00000000e+00 
 7.44505680e-05  0.00000000e+00  7.44505680e-05  0.00000000e+00 
 7.45505680e-05  0.00000000e+00  7.45505680e-05  0.00000000e+00 
 7.46505680e-05  0.00000000e+00  7.46505680e-05  0.00000000e+00 
 7.47505680e-05  0.00000000e+00  7.47505680e-05  0.00000000e+00 
 7.48505680e-05  0.00000000e+00  7.48505680e-05  0.00000000e+00 
 7.49505680e-05  0.00000000e+00  7.49505680e-05  0.00000000e+00 
 7.50505680e-05  0.00000000e+00  7.50505680e-05  0.00000000e+00 
 7.51505680e-05  0.00000000e+00  7.51505680e-05  0.00000000e+00 
 7.52505680e-05  0.00000000e+00  7.52505680e-05  0.00000000e+00 
 7.53505680e-05  0.00000000e+00  7.53505680e-05  0.00000000e+00 
 7.54505680e-05  0.00000000e+00  7.54505680e-05  0.00000000e+00 
 7.55505680e-05  0.00000000e+00  7.55505680e-05  0.00000000e+00 
 7.56505680e-05  0.00000000e+00  7.56505680e-05  0.00000000e+00 
 7.57505680e-05  0.00000000e+00  7.57505680e-05  0.00000000e+00 
 7.58505680e-05  0.00000000e+00  7.58505680e-05  0.00000000e+00 
 7.59505680e-05  0.00000000e+00  7.59505680e-05  0.00000000e+00 
 7.60505680e-05  0.00000000e+00  7.60505680e-05  0.00000000e+00 
 7.61505680e-05  0.00000000e+00  7.61505680e-05  0.00000000e+00 
 7.62505680e-05  0.00000000e+00  7.62505680e-05  0.00000000e+00 
 7.63505680e-05  0.00000000e+00  7.63505680e-05  0.00000000e+00 
 7.64505680e-05  0.00000000e+00  7.64505680e-05  0.00000000e+00 
 7.65505680e-05  0.00000000e+00  7.65505680e-05  0.00000000e+00 
 7.66505680e-05  0.00000000e+00  7.66505680e-05  0.00000000e+00 
 7.67505680e-05  0.00000000e+00  7.67505680e-05  0.00000000e+00 
 7.68505680e-05  0.00000000e+00  7.68505680e-05  0.00000000e+00 
 7.69505680e-05  0.00000000e+00  7.69505680e-05  0.00000000e+00 
 7.70505680e-05  0.00000000e+00  7.70505680e-05  0.00000000e+00 
 7.71505680e-05  0.00000000e+00  7.71505680e-05  0.00000000e+00 
 7.72505680e-05  0.00000000e+00  7.72505680e-05  0.00000000e+00 
 7.73505680e-05  0.00000000e+00  7.73505680e-05  0.00000000e+00 
 7.74505680e-05  0.00000000e+00  7.74505680e-05  0.00000000e+00 
 7.75505680e-05  0.00000000e+00  7.75505680e-05  0.00000000e+00 
 7.76505680e-05  0.00000000e+00  7.76505680e-05  0.00000000e+00 
 7.77505680e-05  0.00000000e+00  7.77505680e-05  0.00000000e+00 
 7.78505680e-05  0.00000000e+00  7.78505680e-05  0.00000000e+00 
 7.79505680e-05  0.00000000e+00  7.79505680e-05  0.00000000e+00 
 7.80505680e-05  0.00000000e+00  7.80505680e-05  0.00000000e+00 
 7.81505680e-05  0.00000000e+00  7.81505680e-05  0.00000000e+00 
 7.82505680e-05  0.00000000e+00  7.82505680e-05  0.00000000e+00 
 7.83505680e-05  0.00000000e+00  7.83505680e-05  0.00000000e+00 
 7.84505680e-05  0.00000000e+00  7.84505680e-05  0.00000000e+00 
 7.85505680e-05  0.00000000e+00  7.85505680e-05  0.00000000e+00 
 7.86505680e-05  0.00000000e+00  7.86505680e-05  0.00000000e+00 
 7.87505680e-05  0.00000000e+00  7.87505680e-05  0.00000000e+00 
 7.88505680e-05  0.00000000e+00  7.88505680e-05  0.00000000e+00 
 7.89505680e-05  0.00000000e+00  7.89505680e-05  0.00000000e+00 
 7.90505680e-05  0.00000000e+00  7.90505680e-05  0.00000000e+00 
 7.91505680e-05  0.00000000e+00  7.91505680e-05  0.00000000e+00 
 7.92505680e-05  0.00000000e+00  7.92505680e-05  0.00000000e+00 
 7.93505680e-05  0.00000000e+00  7.93505680e-05  0.00000000e+00 
 7.94505680e-05  0.00000000e+00  7.94505680e-05  0.00000000e+00 
 7.95505680e-05  0.00000000e+00  7.95505680e-05  0.00000000e+00 
 7.96505680e-05  0.00000000e+00  7.96505680e-05  0.00000000e+00 
 7.97505680e-05  0.00000000e+00  7.97505680e-05  0.00000000e+00 
 7.98505680e-05  0.00000000e+00  7.98505680e-05  0.00000000e+00 
 7.99505680e-05  0.00000000e+00  7.99505680e-05  0.00000000e+00 
 8.00000000e-05  0.00000000e+00  8.00000000e-05  0.00000000e+00 
